0	ANG1		1	6.75	29.23	68		51		1e3	800e3	800e3	800e3	1e-10	13	19.5	4	1e3	0	0	0	EnrichedGe 	EnrichedGe 	EnrichedGe 1.0 0.001
1	RGI			1	6.75	38.25	84		73		1e3	800e3	800e3	800e3	1e-10	17	20		2	1e3	0	0	0	EnrichedGe 	EnrichedGe 	EnrichedGe 1.0 0.001
2	RGII		1	6.5		38.25	84		70		1e3	800e3	800e3	800e3	1e-10	17	20		2	1e3	0	0	0	EnrichedGe 	EnrichedGe 	EnrichedGe 1.0 0.001
3	RGIII		1	6.5		39.5	81		71		1e3	800e3	800e3	800e3	1e-10	13	16		2.5	1e3	0	0	0	EnrichedGe 	EnrichedGe 	EnrichedGe 1.0 0.001
4	ANG2		1	7 		40		107		94		1e3	800e3	800e3	800e3	1e-10	15	18		2	1e3	0	0	0	EnrichedGe 	EnrichedGe 	EnrichedGe 1.0 0.001
5	ANG3		1	7.5		39		93		83		1e3	800e3	800e3	800e3	1e-10	17	20		2	1e3	0	0	0	EnrichedGe 	EnrichedGe 	EnrichedGe 1.0 0.001
6	ANG4		1	7		37.5	100		89		1e3	800e3	800e3	800e3	1e-10	15	18		2	1e3	0	0	0	EnrichedGe 	EnrichedGe 	EnrichedGe 1.0 0.001
7	ANG5		1	6.25	39.25	105		94		1e3	800e3	800e3	800e3	1e-10	15	18		2	1e3	0	0	0	EnrichedGe 	EnrichedGe 	EnrichedGe 1.0 0.001
8	GTF1		1	5.75	43.5	75		43		1e3	800e3	800e3	800e3	1e-10	15	20		2	1e3	0	0	0	NaturalGe 	NaturalGe 	NaturalGe 1.0 0.001
9	GTF2		1	6		42		84		46		1e3	800e3	1e3		800e3	1e3		0	0		0	0	0	0	0	NaturalGe 	NaturalGe 	NaturalGe 1.0 0.001
10	GTF3		1	6		44.5	71		41.5	1e3	800e3	800e3	800e3	1e-10	15	20		2	1e3	0	0	0	NaturalGe 	NaturalGe 	NaturalGe 1.0 0.001
11	GTF4		1	5.75	42.5	100		63		1e3	800e3	800e3	800e3	1e-10	17	20		2	1e3	0	0	0	NaturalGe 	NaturalGe 	NaturalGe 1.0 0.001
12	GTF5		1	5.75	42		105		67.5	1e3	800e3	1e3		800e3	1e3		0	0		0	0	0	0	0	NaturalGe	NaturalGe 	NaturalGe 1.0 0.001
13	GTF6		1	5.75	42		82.5	42.5	1e3	800e3	1e3		800e3	1e3		0	0		0	0	0	0	0	NaturalGe 	NaturalGe 	NaturalGe 1.0 0.001
14	SIEGFRIED	2	5		37.5	70		0		1e3	1e3		1e3		1e3		1e3		0	0		0	0	6	3	0	EnrichedGe 	EnrichedGe 	EnrichedGe 1.0 0.001 1.0 0.001 1.0 0.001 1.0 0.001 1.0 0.001 1.0 0.001 1.0 0.001 1.0 0.001 1.0 0.001 1.0 0.001 1.0 0.001 1.0 0.001 1.0 0.001 1.0 0.001 1.0 0.001 1.0 0.001 1.0 0.001 1.0 0.001 1.0 0.001
15	SIEGFRIED	2	5		37.5	70		0		1e3	1e3		1e3		1e3		1e3		0	0		0	0	6	3	0	EnrichedGe 	EnrichedGe 	EnrichedGe 1.0 0.001 1.0 0.001 1.0 0.001 1.0 0.001 1.0 0.001 1.0 0.001 1.0 0.001 1.0 0.001 1.0 0.001 1.0 0.001 1.0 0.001 1.0 0.001 1.0 0.001 1.0 0.001 1.0 0.001 1.0 0.001 1.0 0.001 1.0 0.001 1.0 0.001
16	SIEGFRIED	2	5		37.5	70		0		1e3	1e3		1e3		1e3		1e3		0	0		0	0	6	3	0	EnrichedGe 	EnrichedGe 	EnrichedGe 1.0 0.001 1.0 0.001 1.0 0.001 1.0 0.001 1.0 0.001 1.0 0.001 1.0 0.001 1.0 0.001 1.0 0.001 1.0 0.001 1.0 0.001 1.0 0.001 1.0 0.001 1.0 0.001 1.0 0.001 1.0 0.001 1.0 0.001 1.0 0.001 1.0 0.001
17	SIEGFRIED	2	5		37.5	70		0		1e3	1e3		1e3		1e3		1e3		0	0		0	0	6	3	0	EnrichedGe 	EnrichedGe 	EnrichedGe 1.0 0.001 1.0 0.001 1.0 0.001 1.0 0.001 1.0 0.001 1.0 0.001 1.0 0.001 1.0 0.001 1.0 0.001 1.0 0.001 1.0 0.001 1.0 0.001 1.0 0.001 1.0 0.001 1.0 0.001 1.0 0.001 1.0 0.001 1.0 0.001 1.0 0.001
18	SIEGFRIED	2	5		37.5	70		0		1e3	1e3		1e3		1e3		1e3		0	0		0	0	6	3	0	EnrichedGe 	EnrichedGe 	EnrichedGe 1.0 0.001 1.0 0.001 1.0 0.001 1.0 0.001 1.0 0.001 1.0 0.001 1.0 0.001 1.0 0.001 1.0 0.001 1.0 0.001 1.0 0.001 1.0 0.001 1.0 0.001 1.0 0.001 1.0 0.001 1.0 0.001 1.0 0.001 1.0 0.001 1.0 0.001
19	SIEGFRIED	2	5		37.5	70		0		1e3	1e3		1e3		1e3		1e3		0	0		0	0	6	3	0	EnrichedGe 	EnrichedGe 	EnrichedGe 1.0 0.001 1.0 0.001 1.0 0.001 1.0 0.001 1.0 0.001 1.0 0.001 1.0 0.001 1.0 0.001 1.0 0.001 1.0 0.001 1.0 0.001 1.0 0.001 1.0 0.001 1.0 0.001 1.0 0.001 1.0 0.001 1.0 0.001 1.0 0.001 1.0 0.001
20	SIEGFRIED	2	5		37.5	70		0		1e3	1e3		1e3		1e3		1e3		0	0		0	0	6	3	0	EnrichedGe 	EnrichedGe 	EnrichedGe 1.0 0.001 1.0 0.001 1.0 0.001 1.0 0.001 1.0 0.001 1.0 0.001 1.0 0.001 1.0 0.001 1.0 0.001 1.0 0.001 1.0 0.001 1.0 0.001 1.0 0.001 1.0 0.001 1.0 0.001 1.0 0.001 1.0 0.001 1.0 0.001 1.0 0.001
21	SIEGFRIED	2	5		37.5	70		0		1e3	1e3		1e3		1e3		1e3		0	0		0	0	6	3	0	EnrichedGe 	EnrichedGe 	EnrichedGe 1.0 0.001 1.0 0.001 1.0 0.001 1.0 0.001 1.0 0.001 1.0 0.001 1.0 0.001 1.0 0.001 1.0 0.001 1.0 0.001 1.0 0.001 1.0 0.001 1.0 0.001 1.0 0.001 1.0 0.001 1.0 0.001 1.0 0.001 1.0 0.001 1.0 0.001
22	SIEGFRIED	2	5		37.5	70		0		1e3	1e3		1e3		1e3		1e3		0	0		0	0	6	3	0	EnrichedGe 	EnrichedGe 	EnrichedGe 1.0 0.001 1.0 0.001 1.0 0.001 1.0 0.001 1.0 0.001 1.0 0.001 1.0 0.001 1.0 0.001 1.0 0.001 1.0 0.001 1.0 0.001 1.0 0.001 1.0 0.001 1.0 0.001 1.0 0.001 1.0 0.001 1.0 0.001 1.0 0.001 1.0 0.001
23	SIEGFRIED	2	5		37.5	70		0		1e3	1e3		1e3		1e3		1e3		0	0		0	0	6	3	0	EnrichedGe 	EnrichedGe 	EnrichedGe 1.0 0.001 1.0 0.001 1.0 0.001 1.0 0.001 1.0 0.001 1.0 0.001 1.0 0.001 1.0 0.001 1.0 0.001 1.0 0.001 1.0 0.001 1.0 0.001 1.0 0.001 1.0 0.001 1.0 0.001 1.0 0.001 1.0 0.001 1.0 0.001 1.0 0.001
24	SIEGFRIED	2	5		37.5	70		0		1e3	1e3		1e3		1e3		1e3		0	0		0	0	6	3	0	EnrichedGe 	EnrichedGe 	EnrichedGe 1.0 0.001 1.0 0.001 1.0 0.001 1.0 0.001 1.0 0.001 1.0 0.001 1.0 0.001 1.0 0.001 1.0 0.001 1.0 0.001 1.0 0.001 1.0 0.001 1.0 0.001 1.0 0.001 1.0 0.001 1.0 0.001 1.0 0.001 1.0 0.001 1.0 0.001
25	SIEGFRIED	2	5		37.5	70		0		1e3	1e3		1e3		1e3		1e3		0	0		0	0	6	3	0	EnrichedGe 	EnrichedGe 	EnrichedGe 1.0 0.001 1.0 0.001 1.0 0.001 1.0 0.001 1.0 0.001 1.0 0.001 1.0 0.001 1.0 0.001 1.0 0.001 1.0 0.001 1.0 0.001 1.0 0.001 1.0 0.001 1.0 0.001 1.0 0.001 1.0 0.001 1.0 0.001 1.0 0.001 1.0 0.001
26	SIEGFRIED	2	5		37.5	70		0		1e3	1e3		1e3		1e3		1e3		0	0		0	0	6	3	0	EnrichedGe 	EnrichedGe 	EnrichedGe 1.0 0.001 1.0 0.001 1.0 0.001 1.0 0.001 1.0 0.001 1.0 0.001 1.0 0.001 1.0 0.001 1.0 0.001 1.0 0.001 1.0 0.001 1.0 0.001 1.0 0.001 1.0 0.001 1.0 0.001 1.0 0.001 1.0 0.001 1.0 0.001 1.0 0.001
27	SIEGFRIED	2	5		37.5	70		0		1e3	1e3		1e3		1e3		1e3		0	0		0	0	6	3	0	EnrichedGe 	EnrichedGe 	EnrichedGe 1.0 0.001 1.0 0.001 1.0 0.001 1.0 0.001 1.0 0.001 1.0 0.001 1.0 0.001 1.0 0.001 1.0 0.001 1.0 0.001 1.0 0.001 1.0 0.001 1.0 0.001 1.0 0.001 1.0 0.001 1.0 0.001 1.0 0.001 1.0 0.001 1.0 0.001
28	SIEGFRIED	2	5		37.5	70		0		1e3	1e3		1e3		1e3		1e3		0	0		0	0	6	3	0	EnrichedGe 	EnrichedGe 	EnrichedGe 1.0 0.001 1.0 0.001 1.0 0.001 1.0 0.001 1.0 0.001 1.0 0.001 1.0 0.001 1.0 0.001 1.0 0.001 1.0 0.001 1.0 0.001 1.0 0.001 1.0 0.001 1.0 0.001 1.0 0.001 1.0 0.001 1.0 0.001 1.0 0.001 1.0 0.001
29	SIEGFRIED	2	5		37.5	70		0		1e3	1e3		1e3		1e3		1e3		0	0		0	0	6	3	0	EnrichedGe 	EnrichedGe 	EnrichedGe 1.0 0.001 1.0 0.001 1.0 0.001 1.0 0.001 1.0 0.001 1.0 0.001 1.0 0.001 1.0 0.001 1.0 0.001 1.0 0.001 1.0 0.001 1.0 0.001 1.0 0.001 1.0 0.001 1.0 0.001 1.0 0.001 1.0 0.001 1.0 0.001 1.0 0.001
30	SIEGFRIED	2	5		37.5	70		0		1e3	1e3		1e3		1e3		1e3		0	0		0	0	6	3	0	EnrichedGe 	EnrichedGe 	EnrichedGe 1.0 0.001 1.0 0.001 1.0 0.001 1.0 0.001 1.0 0.001 1.0 0.001 1.0 0.001 1.0 0.001 1.0 0.001 1.0 0.001 1.0 0.001 1.0 0.001 1.0 0.001 1.0 0.001 1.0 0.001 1.0 0.001 1.0 0.001 1.0 0.001 1.0 0.001
31	SIEGFRIED	2	5		37.5	70		0		1e3	1e3		1e3		1e3		1e3		0	0		0	0	6	3	0	EnrichedGe 	EnrichedGe 	EnrichedGe 1.0 0.001 1.0 0.001 1.0 0.001 1.0 0.001 1.0 0.001 1.0 0.001 1.0 0.001 1.0 0.001 1.0 0.001 1.0 0.001 1.0 0.001 1.0 0.001 1.0 0.001 1.0 0.001 1.0 0.001 1.0 0.001 1.0 0.001 1.0 0.001 1.0 0.001
32	SIEGFRIED	2	5		37.5	70		0		1e3	1e3		1e3		1e3		1e3		0	0		0	0	6	3	0	EnrichedGe 	EnrichedGe 	EnrichedGe 1.0 0.001 1.0 0.001 1.0 0.001 1.0 0.001 1.0 0.001 1.0 0.001 1.0 0.001 1.0 0.001 1.0 0.001 1.0 0.001 1.0 0.001 1.0 0.001 1.0 0.001 1.0 0.001 1.0 0.001 1.0 0.001 1.0 0.001 1.0 0.001 1.0 0.001
33	SIEGFRIED	2	5		37.5	70		0		1e3	1e3		1e3		1e3		1e3		0	0		0	0	6	3	0	EnrichedGe 	EnrichedGe 	EnrichedGe 1.0 0.001 1.0 0.001 1.0 0.001 1.0 0.001 1.0 0.001 1.0 0.001 1.0 0.001 1.0 0.001 1.0 0.001 1.0 0.001 1.0 0.001 1.0 0.001 1.0 0.001 1.0 0.001 1.0 0.001 1.0 0.001 1.0 0.001 1.0 0.001 1.0 0.001
34	SIEGFRIED	2	5		37.5	70		0		1e3	1e3		1e3		1e3		1e3		0	0		0	0	6	3	0	EnrichedGe 	EnrichedGe 	EnrichedGe 1.0 0.001 1.0 0.001 1.0 0.001 1.0 0.001 1.0 0.001 1.0 0.001 1.0 0.001 1.0 0.001 1.0 0.001 1.0 0.001 1.0 0.001 1.0 0.001 1.0 0.001 1.0 0.001 1.0 0.001 1.0 0.001 1.0 0.001 1.0 0.001 1.0 0.001
35	BEGE		1	0.5		40.5	32.0    1e-3	1e3	400e3   400e3	1e3		1e3		0	0		0	0	0	0	0	EnrichedGe 	EnrichedGe 	EnrichedGe 1.0 0.001
36  BEGe_b2b	3	0.	37.5	35.0	0.0	0.0	600e3	600e3	600e3	1e3	0	0	0	0 	0	0	0	EnrichedGe 	EnrichedGe 	EnrichedGe
37  GD32B	4	0.0	35.9	32.2	0.0	590.0	988e3	988e3	988e3	1e3	7.5	10.5	2.0	0.0	0	0	0.0	EnrichedGe 	EnrichedGe 	EnrichedGe  1.0 0.001
38  GD32C	4	0.0	36.0	33.2	0.0	590.0	809e3	809e3	809e3	1e3	7.5	10.5	2.0	0.0	0	0	0.0	EnrichedGe 	EnrichedGe 	EnrichedGe  1.0 0.001
39  GD32D	4	0.0	36.1	32.0	0.0	590.0	683e3	683e3	683e3	1e3	7.5	10.5	2.0	0.0	0	0	0.0	EnrichedGe 	EnrichedGe 	EnrichedGe  1.0 0.001
40  GD35B	4	0.0	38.3	32.0	0.0	590.0	785e3	785e3	785e3	1e3	7.5	10.5	2.0	0.0	0	0	0.0	EnrichedGe 	EnrichedGe 	EnrichedGe  1.0 0.001
41  GD35C	4	0.0	37.4	26.4	0.0	590.0	764e3	764e3	764e3	1e3	7.5	10.5	2.0	0.0	0	0	0.0	EnrichedGe 	EnrichedGe 	EnrichedGe  1.0 0.001
