   1  0.0000   0.0000E+00
   2  0.0020   0.0000E+00
   3  0.0030   0.9068E-22
   4  0.0040   0.1479E-21
   5  0.0050   0.2048E-21
   6  0.0060   0.2595E-21
   7  0.0070   0.3126E-21
   8  0.0080   0.3650E-21
   9  0.0090   0.4178E-21
  10  0.0100   0.4714E-21
  11  0.0110   0.5258E-21
  12  0.0120   0.5808E-21
  13  0.0130   0.6359E-21
  14  0.0140   0.6908E-21
  15  0.0150   0.7455E-21
  16  0.0160   0.8001E-21
  17  0.0170   0.8545E-21
  18  0.0180   0.9090E-21
  19  0.0190   0.9637E-21
  20  0.0200   0.1019E-20
  21  0.0210   0.1074E-20
  22  0.0220   0.1130E-20
  23  0.0230   0.1185E-20
  24  0.0240   0.1241E-20
  25  0.0250   0.1297E-20
  26  0.0260   0.1354E-20
  27  0.0270   0.1410E-20
  28  0.0280   0.1466E-20
  29  0.0290   0.1522E-20
  30  0.0300   0.1578E-20
  31  0.0310   0.1635E-20
  32  0.0320   0.1692E-20
  33  0.0330   0.1749E-20
  34  0.0340   0.1806E-20
  35  0.0350   0.1863E-20
  36  0.0360   0.1921E-20
  37  0.0370   0.1978E-20
  38  0.0380   0.2036E-20
  39  0.0390   0.2094E-20
  40  0.0400   0.2152E-20
  41  0.0410   0.2211E-20
  42  0.0420   0.2269E-20
  43  0.0430   0.2328E-20
  44  0.0440   0.2386E-20
  45  0.0450   0.2445E-20
  46  0.0460   0.2504E-20
  47  0.0470   0.2563E-20
  48  0.0480   0.2623E-20
  49  0.0490   0.2682E-20
  50  0.0500   0.2742E-20
  51  0.0510   0.2802E-20
  52  0.0520   0.2862E-20
  53  0.0530   0.2922E-20
  54  0.0540   0.2983E-20
  55  0.0550   0.3043E-20
  56  0.0560   0.3104E-20
  57  0.0570   0.3165E-20
  58  0.0580   0.3226E-20
  59  0.0590   0.3287E-20
  60  0.0600   0.3348E-20
  61  0.0610   0.3410E-20
  62  0.0620   0.3472E-20
  63  0.0630   0.3533E-20
  64  0.0640   0.3595E-20
  65  0.0650   0.3658E-20
  66  0.0660   0.3720E-20
  67  0.0670   0.3782E-20
  68  0.0680   0.3845E-20
  69  0.0690   0.3908E-20
  70  0.0700   0.3971E-20
  71  0.0710   0.4034E-20
  72  0.0720   0.4097E-20
  73  0.0730   0.4161E-20
  74  0.0740   0.4225E-20
  75  0.0750   0.4288E-20
  76  0.0760   0.4352E-20
  77  0.0770   0.4416E-20
  78  0.0780   0.4481E-20
  79  0.0790   0.4545E-20
  80  0.0800   0.4610E-20
  81  0.0810   0.4674E-20
  82  0.0820   0.4739E-20
  83  0.0830   0.4804E-20
  84  0.0840   0.4869E-20
  85  0.0850   0.4935E-20
  86  0.0860   0.5000E-20
  87  0.0870   0.5066E-20
  88  0.0880   0.5131E-20
  89  0.0890   0.5197E-20
  90  0.0900   0.5264E-20
  91  0.0910   0.5330E-20
  92  0.0920   0.5396E-20
  93  0.0930   0.5463E-20
  94  0.0940   0.5529E-20
  95  0.0950   0.5596E-20
  96  0.0960   0.5663E-20
  97  0.0970   0.5730E-20
  98  0.0980   0.5797E-20
  99  0.0990   0.5865E-20
 100  0.1000   0.5932E-20
 101  0.1010   0.6000E-20
 102  0.1020   0.6068E-20
 103  0.1030   0.6135E-20
 104  0.1040   0.6203E-20
 105  0.1050   0.6272E-20
 106  0.1060   0.6340E-20
 107  0.1070   0.6408E-20
 108  0.1080   0.6477E-20
 109  0.1090   0.6546E-20
 110  0.1100   0.6614E-20
 111  0.1110   0.6683E-20
 112  0.1120   0.6753E-20
 113  0.1130   0.6822E-20
 114  0.1140   0.6891E-20
 115  0.1150   0.6961E-20
 116  0.1160   0.7030E-20
 117  0.1170   0.7100E-20
 118  0.1180   0.7170E-20
 119  0.1190   0.7240E-20
 120  0.1200   0.7310E-20
 121  0.1210   0.7380E-20
 122  0.1220   0.7450E-20
 123  0.1230   0.7521E-20
 124  0.1240   0.7591E-20
 125  0.1250   0.7662E-20
 126  0.1260   0.7733E-20
 127  0.1270   0.7803E-20
 128  0.1280   0.7874E-20
 129  0.1290   0.7946E-20
 130  0.1300   0.8017E-20
 131  0.1310   0.8088E-20
 132  0.1320   0.8160E-20
 133  0.1330   0.8231E-20
 134  0.1340   0.8303E-20
 135  0.1350   0.8375E-20
 136  0.1360   0.8446E-20
 137  0.1370   0.8518E-20
 138  0.1380   0.8591E-20
 139  0.1390   0.8663E-20
 140  0.1400   0.8735E-20
 141  0.1410   0.8807E-20
 142  0.1420   0.8880E-20
 143  0.1430   0.8952E-20
 144  0.1440   0.9025E-20
 145  0.1450   0.9098E-20
 146  0.1460   0.9171E-20
 147  0.1470   0.9244E-20
 148  0.1480   0.9317E-20
 149  0.1490   0.9390E-20
 150  0.1500   0.9463E-20
 151  0.1510   0.9536E-20
 152  0.1520   0.9610E-20
 153  0.1530   0.9683E-20
 154  0.1540   0.9757E-20
 155  0.1550   0.9830E-20
 156  0.1560   0.9904E-20
 157  0.1570   0.9978E-20
 158  0.1580   0.1005E-19
 159  0.1590   0.1013E-19
 160  0.1600   0.1020E-19
 161  0.1610   0.1027E-19
 162  0.1620   0.1035E-19
 163  0.1630   0.1042E-19
 164  0.1640   0.1050E-19
 165  0.1650   0.1057E-19
 166  0.1660   0.1065E-19
 167  0.1670   0.1072E-19
 168  0.1680   0.1079E-19
 169  0.1690   0.1087E-19
 170  0.1700   0.1094E-19
 171  0.1710   0.1102E-19
 172  0.1720   0.1109E-19
 173  0.1730   0.1117E-19
 174  0.1740   0.1124E-19
 175  0.1750   0.1132E-19
 176  0.1760   0.1139E-19
 177  0.1770   0.1147E-19
 178  0.1780   0.1155E-19
 179  0.1790   0.1162E-19
 180  0.1800   0.1170E-19
 181  0.1810   0.1177E-19
 182  0.1820   0.1185E-19
 183  0.1830   0.1192E-19
 184  0.1840   0.1200E-19
 185  0.1850   0.1207E-19
 186  0.1860   0.1215E-19
 187  0.1870   0.1223E-19
 188  0.1880   0.1230E-19
 189  0.1890   0.1238E-19
 190  0.1900   0.1245E-19
 191  0.1910   0.1253E-19
 192  0.1920   0.1261E-19
 193  0.1930   0.1268E-19
 194  0.1940   0.1276E-19
 195  0.1950   0.1283E-19
 196  0.1960   0.1291E-19
 197  0.1970   0.1299E-19
 198  0.1980   0.1306E-19
 199  0.1990   0.1314E-19
 200  0.2000   0.1321E-19
 201  0.2010   0.1329E-19
 202  0.2020   0.1337E-19
 203  0.2030   0.1344E-19
 204  0.2040   0.1352E-19
 205  0.2050   0.1360E-19
 206  0.2060   0.1367E-19
 207  0.2070   0.1375E-19
 208  0.2080   0.1383E-19
 209  0.2090   0.1390E-19
 210  0.2100   0.1398E-19
 211  0.2110   0.1406E-19
 212  0.2120   0.1413E-19
 213  0.2130   0.1421E-19
 214  0.2140   0.1429E-19
 215  0.2150   0.1436E-19
 216  0.2160   0.1444E-19
 217  0.2170   0.1452E-19
 218  0.2180   0.1459E-19
 219  0.2190   0.1467E-19
 220  0.2200   0.1475E-19
 221  0.2210   0.1482E-19
 222  0.2220   0.1490E-19
 223  0.2230   0.1498E-19
 224  0.2240   0.1506E-19
 225  0.2250   0.1513E-19
 226  0.2260   0.1521E-19
 227  0.2270   0.1529E-19
 228  0.2280   0.1536E-19
 229  0.2290   0.1544E-19
 230  0.2300   0.1552E-19
 231  0.2310   0.1559E-19
 232  0.2320   0.1567E-19
 233  0.2330   0.1575E-19
 234  0.2340   0.1582E-19
 235  0.2350   0.1590E-19
 236  0.2360   0.1598E-19
 237  0.2370   0.1606E-19
 238  0.2380   0.1613E-19
 239  0.2390   0.1621E-19
 240  0.2400   0.1629E-19
 241  0.2410   0.1636E-19
 242  0.2420   0.1644E-19
 243  0.2430   0.1652E-19
 244  0.2440   0.1659E-19
 245  0.2450   0.1667E-19
 246  0.2460   0.1675E-19
 247  0.2470   0.1683E-19
 248  0.2480   0.1690E-19
 249  0.2490   0.1698E-19
 250  0.2500   0.1706E-19
 251  0.2510   0.1713E-19
 252  0.2520   0.1721E-19
 253  0.2530   0.1729E-19
 254  0.2540   0.1736E-19
 255  0.2550   0.1744E-19
 256  0.2560   0.1752E-19
 257  0.2570   0.1759E-19
 258  0.2580   0.1767E-19
 259  0.2590   0.1775E-19
 260  0.2600   0.1782E-19
 261  0.2610   0.1790E-19
 262  0.2620   0.1798E-19
 263  0.2630   0.1805E-19
 264  0.2640   0.1813E-19
 265  0.2650   0.1821E-19
 266  0.2660   0.1828E-19
 267  0.2670   0.1836E-19
 268  0.2680   0.1843E-19
 269  0.2690   0.1851E-19
 270  0.2700   0.1859E-19
 271  0.2710   0.1866E-19
 272  0.2720   0.1874E-19
 273  0.2730   0.1882E-19
 274  0.2740   0.1889E-19
 275  0.2750   0.1897E-19
 276  0.2760   0.1904E-19
 277  0.2770   0.1912E-19
 278  0.2780   0.1920E-19
 279  0.2790   0.1927E-19
 280  0.2800   0.1935E-19
 281  0.2810   0.1942E-19
 282  0.2820   0.1950E-19
 283  0.2830   0.1957E-19
 284  0.2840   0.1965E-19
 285  0.2850   0.1973E-19
 286  0.2860   0.1980E-19
 287  0.2870   0.1988E-19
 288  0.2880   0.1995E-19
 289  0.2890   0.2003E-19
 290  0.2900   0.2010E-19
 291  0.2910   0.2018E-19
 292  0.2920   0.2025E-19
 293  0.2930   0.2033E-19
 294  0.2940   0.2040E-19
 295  0.2950   0.2048E-19
 296  0.2960   0.2055E-19
 297  0.2970   0.2063E-19
 298  0.2980   0.2070E-19
 299  0.2990   0.2078E-19
 300  0.3000   0.2085E-19
 301  0.3010   0.2093E-19
 302  0.3020   0.2100E-19
 303  0.3030   0.2108E-19
 304  0.3040   0.2115E-19
 305  0.3050   0.2123E-19
 306  0.3060   0.2130E-19
 307  0.3070   0.2137E-19
 308  0.3080   0.2145E-19
 309  0.3090   0.2152E-19
 310  0.3100   0.2160E-19
 311  0.3110   0.2167E-19
 312  0.3120   0.2174E-19
 313  0.3130   0.2182E-19
 314  0.3140   0.2189E-19
 315  0.3150   0.2196E-19
 316  0.3160   0.2204E-19
 317  0.3170   0.2211E-19
 318  0.3180   0.2218E-19
 319  0.3190   0.2226E-19
 320  0.3200   0.2233E-19
 321  0.3210   0.2240E-19
 322  0.3220   0.2248E-19
 323  0.3230   0.2255E-19
 324  0.3240   0.2262E-19
 325  0.3250   0.2270E-19
 326  0.3260   0.2277E-19
 327  0.3270   0.2284E-19
 328  0.3280   0.2291E-19
 329  0.3290   0.2299E-19
 330  0.3300   0.2306E-19
 331  0.3310   0.2313E-19
 332  0.3320   0.2320E-19
 333  0.3330   0.2327E-19
 334  0.3340   0.2335E-19
 335  0.3350   0.2342E-19
 336  0.3360   0.2349E-19
 337  0.3370   0.2356E-19
 338  0.3380   0.2363E-19
 339  0.3390   0.2370E-19
 340  0.3400   0.2377E-19
 341  0.3410   0.2385E-19
 342  0.3420   0.2392E-19
 343  0.3430   0.2399E-19
 344  0.3440   0.2406E-19
 345  0.3450   0.2413E-19
 346  0.3460   0.2420E-19
 347  0.3470   0.2427E-19
 348  0.3480   0.2434E-19
 349  0.3490   0.2441E-19
 350  0.3500   0.2448E-19
 351  0.3510   0.2455E-19
 352  0.3520   0.2462E-19
 353  0.3530   0.2469E-19
 354  0.3540   0.2476E-19
 355  0.3550   0.2483E-19
 356  0.3560   0.2490E-19
 357  0.3570   0.2497E-19
 358  0.3580   0.2504E-19
 359  0.3590   0.2511E-19
 360  0.3600   0.2518E-19
 361  0.3610   0.2524E-19
 362  0.3620   0.2531E-19
 363  0.3630   0.2538E-19
 364  0.3640   0.2545E-19
 365  0.3650   0.2552E-19
 366  0.3660   0.2559E-19
 367  0.3670   0.2565E-19
 368  0.3680   0.2572E-19
 369  0.3690   0.2579E-19
 370  0.3700   0.2586E-19
 371  0.3710   0.2593E-19
 372  0.3720   0.2599E-19
 373  0.3730   0.2606E-19
 374  0.3740   0.2613E-19
 375  0.3750   0.2619E-19
 376  0.3760   0.2626E-19
 377  0.3770   0.2633E-19
 378  0.3780   0.2639E-19
 379  0.3790   0.2646E-19
 380  0.3800   0.2653E-19
 381  0.3810   0.2659E-19
 382  0.3820   0.2666E-19
 383  0.3830   0.2673E-19
 384  0.3840   0.2679E-19
 385  0.3850   0.2686E-19
 386  0.3860   0.2692E-19
 387  0.3870   0.2699E-19
 388  0.3880   0.2705E-19
 389  0.3890   0.2712E-19
 390  0.3900   0.2718E-19
 391  0.3910   0.2725E-19
 392  0.3920   0.2731E-19
 393  0.3930   0.2738E-19
 394  0.3940   0.2744E-19
 395  0.3950   0.2751E-19
 396  0.3960   0.2757E-19
 397  0.3970   0.2763E-19
 398  0.3980   0.2770E-19
 399  0.3990   0.2776E-19
 400  0.4000   0.2782E-19
 401  0.4010   0.2789E-19
 402  0.4020   0.2795E-19
 403  0.4030   0.2801E-19
 404  0.4040   0.2808E-19
 405  0.4050   0.2814E-19
 406  0.4060   0.2820E-19
 407  0.4070   0.2826E-19
 408  0.4080   0.2833E-19
 409  0.4090   0.2839E-19
 410  0.4100   0.2845E-19
 411  0.4110   0.2851E-19
 412  0.4120   0.2857E-19
 413  0.4130   0.2863E-19
 414  0.4140   0.2869E-19
 415  0.4150   0.2876E-19
 416  0.4160   0.2882E-19
 417  0.4170   0.2888E-19
 418  0.4180   0.2894E-19
 419  0.4190   0.2900E-19
 420  0.4200   0.2906E-19
 421  0.4210   0.2912E-19
 422  0.4220   0.2918E-19
 423  0.4230   0.2924E-19
 424  0.4240   0.2930E-19
 425  0.4250   0.2936E-19
 426  0.4260   0.2942E-19
 427  0.4270   0.2947E-19
 428  0.4280   0.2953E-19
 429  0.4290   0.2959E-19
 430  0.4300   0.2965E-19
 431  0.4310   0.2971E-19
 432  0.4320   0.2977E-19
 433  0.4330   0.2982E-19
 434  0.4340   0.2988E-19
 435  0.4350   0.2994E-19
 436  0.4360   0.3000E-19
 437  0.4370   0.3005E-19
 438  0.4380   0.3011E-19
 439  0.4390   0.3017E-19
 440  0.4400   0.3022E-19
 441  0.4410   0.3028E-19
 442  0.4420   0.3034E-19
 443  0.4430   0.3039E-19
 444  0.4440   0.3045E-19
 445  0.4450   0.3050E-19
 446  0.4460   0.3056E-19
 447  0.4470   0.3062E-19
 448  0.4480   0.3067E-19
 449  0.4490   0.3073E-19
 450  0.4500   0.3078E-19
 451  0.4510   0.3084E-19
 452  0.4520   0.3089E-19
 453  0.4530   0.3094E-19
 454  0.4540   0.3100E-19
 455  0.4550   0.3105E-19
 456  0.4560   0.3111E-19
 457  0.4570   0.3116E-19
 458  0.4580   0.3121E-19
 459  0.4590   0.3126E-19
 460  0.4600   0.3132E-19
 461  0.4610   0.3137E-19
 462  0.4620   0.3142E-19
 463  0.4630   0.3148E-19
 464  0.4640   0.3153E-19
 465  0.4650   0.3158E-19
 466  0.4660   0.3163E-19
 467  0.4670   0.3168E-19
 468  0.4680   0.3173E-19
 469  0.4690   0.3178E-19
 470  0.4700   0.3184E-19
 471  0.4710   0.3189E-19
 472  0.4720   0.3194E-19
 473  0.4730   0.3199E-19
 474  0.4740   0.3204E-19
 475  0.4750   0.3209E-19
 476  0.4760   0.3214E-19
 477  0.4770   0.3219E-19
 478  0.4780   0.3224E-19
 479  0.4790   0.3228E-19
 480  0.4800   0.3233E-19
 481  0.4810   0.3238E-19
 482  0.4820   0.3243E-19
 483  0.4830   0.3248E-19
 484  0.4840   0.3253E-19
 485  0.4850   0.3257E-19
 486  0.4860   0.3262E-19
 487  0.4870   0.3267E-19
 488  0.4880   0.3272E-19
 489  0.4890   0.3276E-19
 490  0.4900   0.3281E-19
 491  0.4910   0.3286E-19
 492  0.4920   0.3290E-19
 493  0.4930   0.3295E-19
 494  0.4940   0.3300E-19
 495  0.4950   0.3304E-19
 496  0.4960   0.3309E-19
 497  0.4970   0.3313E-19
 498  0.4980   0.3318E-19
 499  0.4990   0.3322E-19
 500  0.5000   0.3327E-19
 501  0.5010   0.3331E-19
 502  0.5020   0.3335E-19
 503  0.5030   0.3340E-19
 504  0.5040   0.3344E-19
 505  0.5050   0.3349E-19
 506  0.5060   0.3353E-19
 507  0.5070   0.3357E-19
 508  0.5080   0.3362E-19
 509  0.5090   0.3366E-19
 510  0.5100   0.3370E-19
 511  0.5110   0.3374E-19
 512  0.5120   0.3378E-19
 513  0.5130   0.3383E-19
 514  0.5140   0.3387E-19
 515  0.5150   0.3391E-19
 516  0.5160   0.3395E-19
 517  0.5170   0.3399E-19
 518  0.5180   0.3403E-19
 519  0.5190   0.3407E-19
 520  0.5200   0.3411E-19
 521  0.5210   0.3415E-19
 522  0.5220   0.3419E-19
 523  0.5230   0.3423E-19
 524  0.5240   0.3427E-19
 525  0.5250   0.3431E-19
 526  0.5260   0.3435E-19
 527  0.5270   0.3439E-19
 528  0.5280   0.3443E-19
 529  0.5290   0.3447E-19
 530  0.5300   0.3450E-19
 531  0.5310   0.3454E-19
 532  0.5320   0.3458E-19
 533  0.5330   0.3462E-19
 534  0.5340   0.3465E-19
 535  0.5350   0.3469E-19
 536  0.5360   0.3473E-19
 537  0.5370   0.3476E-19
 538  0.5380   0.3480E-19
 539  0.5390   0.3484E-19
 540  0.5400   0.3487E-19
 541  0.5410   0.3491E-19
 542  0.5420   0.3494E-19
 543  0.5430   0.3498E-19
 544  0.5440   0.3501E-19
 545  0.5450   0.3505E-19
 546  0.5460   0.3508E-19
 547  0.5470   0.3511E-19
 548  0.5480   0.3515E-19
 549  0.5490   0.3518E-19
 550  0.5500   0.3522E-19
 551  0.5510   0.3525E-19
 552  0.5520   0.3528E-19
 553  0.5530   0.3531E-19
 554  0.5540   0.3535E-19
 555  0.5550   0.3538E-19
 556  0.5560   0.3541E-19
 557  0.5570   0.3544E-19
 558  0.5580   0.3547E-19
 559  0.5590   0.3551E-19
 560  0.5600   0.3554E-19
 561  0.5610   0.3557E-19
 562  0.5620   0.3560E-19
 563  0.5630   0.3563E-19
 564  0.5640   0.3566E-19
 565  0.5650   0.3569E-19
 566  0.5660   0.3572E-19
 567  0.5670   0.3575E-19
 568  0.5680   0.3578E-19
 569  0.5690   0.3581E-19
 570  0.5700   0.3583E-19
 571  0.5710   0.3586E-19
 572  0.5720   0.3589E-19
 573  0.5730   0.3592E-19
 574  0.5740   0.3595E-19
 575  0.5750   0.3597E-19
 576  0.5760   0.3600E-19
 577  0.5770   0.3603E-19
 578  0.5780   0.3605E-19
 579  0.5790   0.3608E-19
 580  0.5800   0.3611E-19
 581  0.5810   0.3613E-19
 582  0.5820   0.3616E-19
 583  0.5830   0.3619E-19
 584  0.5840   0.3621E-19
 585  0.5850   0.3624E-19
 586  0.5860   0.3626E-19
 587  0.5870   0.3628E-19
 588  0.5880   0.3631E-19
 589  0.5890   0.3633E-19
 590  0.5900   0.3636E-19
 591  0.5910   0.3638E-19
 592  0.5920   0.3640E-19
 593  0.5930   0.3643E-19
 594  0.5940   0.3645E-19
 595  0.5950   0.3647E-19
 596  0.5960   0.3650E-19
 597  0.5970   0.3652E-19
 598  0.5980   0.3654E-19
 599  0.5990   0.3656E-19
 600  0.6000   0.3658E-19
 601  0.6010   0.3660E-19
 602  0.6020   0.3662E-19
 603  0.6030   0.3665E-19
 604  0.6040   0.3667E-19
 605  0.6050   0.3669E-19
 606  0.6060   0.3671E-19
 607  0.6070   0.3673E-19
 608  0.6080   0.3675E-19
 609  0.6090   0.3676E-19
 610  0.6100   0.3678E-19
 611  0.6110   0.3680E-19
 612  0.6120   0.3682E-19
 613  0.6130   0.3684E-19
 614  0.6140   0.3686E-19
 615  0.6150   0.3688E-19
 616  0.6160   0.3689E-19
 617  0.6170   0.3691E-19
 618  0.6180   0.3693E-19
 619  0.6190   0.3694E-19
 620  0.6200   0.3696E-19
 621  0.6210   0.3698E-19
 622  0.6220   0.3699E-19
 623  0.6230   0.3701E-19
 624  0.6240   0.3702E-19
 625  0.6250   0.3704E-19
 626  0.6260   0.3706E-19
 627  0.6270   0.3707E-19
 628  0.6280   0.3708E-19
 629  0.6290   0.3710E-19
 630  0.6300   0.3711E-19
 631  0.6310   0.3713E-19
 632  0.6320   0.3714E-19
 633  0.6330   0.3715E-19
 634  0.6340   0.3717E-19
 635  0.6350   0.3718E-19
 636  0.6360   0.3719E-19
 637  0.6370   0.3721E-19
 638  0.6380   0.3722E-19
 639  0.6390   0.3723E-19
 640  0.6400   0.3724E-19
 641  0.6410   0.3725E-19
 642  0.6420   0.3726E-19
 643  0.6430   0.3727E-19
 644  0.6440   0.3729E-19
 645  0.6450   0.3730E-19
 646  0.6460   0.3731E-19
 647  0.6470   0.3732E-19
 648  0.6480   0.3733E-19
 649  0.6490   0.3734E-19
 650  0.6500   0.3734E-19
 651  0.6510   0.3735E-19
 652  0.6520   0.3736E-19
 653  0.6530   0.3737E-19
 654  0.6540   0.3738E-19
 655  0.6550   0.3739E-19
 656  0.6560   0.3739E-19
 657  0.6570   0.3740E-19
 658  0.6580   0.3741E-19
 659  0.6590   0.3742E-19
 660  0.6600   0.3742E-19
 661  0.6610   0.3743E-19
 662  0.6620   0.3744E-19
 663  0.6630   0.3744E-19
 664  0.6640   0.3745E-19
 665  0.6650   0.3745E-19
 666  0.6660   0.3746E-19
 667  0.6670   0.3746E-19
 668  0.6680   0.3747E-19
 669  0.6690   0.3747E-19
 670  0.6700   0.3748E-19
 671  0.6710   0.3748E-19
 672  0.6720   0.3749E-19
 673  0.6730   0.3749E-19
 674  0.6740   0.3749E-19
 675  0.6750   0.3750E-19
 676  0.6760   0.3750E-19
 677  0.6770   0.3750E-19
 678  0.6780   0.3750E-19
 679  0.6790   0.3751E-19
 680  0.6800   0.3751E-19
 681  0.6810   0.3751E-19
 682  0.6820   0.3751E-19
 683  0.6830   0.3751E-19
 684  0.6840   0.3751E-19
 685  0.6850   0.3751E-19
 686  0.6860   0.3751E-19
 687  0.6870   0.3751E-19
 688  0.6880   0.3751E-19
 689  0.6890   0.3751E-19
 690  0.6900   0.3751E-19
 691  0.6910   0.3751E-19
 692  0.6920   0.3751E-19
 693  0.6930   0.3751E-19
 694  0.6940   0.3751E-19
 695  0.6950   0.3751E-19
 696  0.6960   0.3751E-19
 697  0.6970   0.3750E-19
 698  0.6980   0.3750E-19
 699  0.6990   0.3750E-19
 700  0.7000   0.3750E-19
 701  0.7010   0.3749E-19
 702  0.7020   0.3749E-19
 703  0.7030   0.3749E-19
 704  0.7040   0.3748E-19
 705  0.7050   0.3748E-19
 706  0.7060   0.3747E-19
 707  0.7070   0.3747E-19
 708  0.7080   0.3746E-19
 709  0.7090   0.3746E-19
 710  0.7100   0.3745E-19
 711  0.7110   0.3745E-19
 712  0.7120   0.3744E-19
 713  0.7130   0.3744E-19
 714  0.7140   0.3743E-19
 715  0.7150   0.3742E-19
 716  0.7160   0.3742E-19
 717  0.7170   0.3741E-19
 718  0.7180   0.3740E-19
 719  0.7190   0.3740E-19
 720  0.7200   0.3739E-19
 721  0.7210   0.3738E-19
 722  0.7220   0.3737E-19
 723  0.7230   0.3737E-19
 724  0.7240   0.3736E-19
 725  0.7250   0.3735E-19
 726  0.7260   0.3734E-19
 727  0.7270   0.3733E-19
 728  0.7280   0.3732E-19
 729  0.7290   0.3731E-19
 730  0.7300   0.3730E-19
 731  0.7310   0.3729E-19
 732  0.7320   0.3728E-19
 733  0.7330   0.3727E-19
 734  0.7340   0.3726E-19
 735  0.7350   0.3725E-19
 736  0.7360   0.3724E-19
 737  0.7370   0.3723E-19
 738  0.7380   0.3721E-19
 739  0.7390   0.3720E-19
 740  0.7400   0.3719E-19
 741  0.7410   0.3718E-19
 742  0.7420   0.3716E-19
 743  0.7430   0.3715E-19
 744  0.7440   0.3714E-19
 745  0.7450   0.3712E-19
 746  0.7460   0.3711E-19
 747  0.7470   0.3710E-19
 748  0.7480   0.3708E-19
 749  0.7490   0.3707E-19
 750  0.7500   0.3706E-19
 751  0.7510   0.3704E-19
 752  0.7520   0.3703E-19
 753  0.7530   0.3701E-19
 754  0.7540   0.3700E-19
 755  0.7550   0.3698E-19
 756  0.7560   0.3696E-19
 757  0.7570   0.3695E-19
 758  0.7580   0.3693E-19
 759  0.7590   0.3692E-19
 760  0.7600   0.3690E-19
 761  0.7610   0.3688E-19
 762  0.7620   0.3686E-19
 763  0.7630   0.3685E-19
 764  0.7640   0.3683E-19
 765  0.7650   0.3681E-19
 766  0.7660   0.3679E-19
 767  0.7670   0.3678E-19
 768  0.7680   0.3676E-19
 769  0.7690   0.3674E-19
 770  0.7700   0.3672E-19
 771  0.7710   0.3670E-19
 772  0.7720   0.3668E-19
 773  0.7730   0.3666E-19
 774  0.7740   0.3664E-19
 775  0.7750   0.3662E-19
 776  0.7760   0.3660E-19
 777  0.7770   0.3658E-19
 778  0.7780   0.3656E-19
 779  0.7790   0.3654E-19
 780  0.7800   0.3652E-19
 781  0.7810   0.3650E-19
 782  0.7820   0.3648E-19
 783  0.7830   0.3646E-19
 784  0.7840   0.3643E-19
 785  0.7850   0.3641E-19
 786  0.7860   0.3639E-19
 787  0.7870   0.3637E-19
 788  0.7880   0.3634E-19
 789  0.7890   0.3632E-19
 790  0.7900   0.3630E-19
 791  0.7910   0.3627E-19
 792  0.7920   0.3625E-19
 793  0.7930   0.3623E-19
 794  0.7940   0.3620E-19
 795  0.7950   0.3618E-19
 796  0.7960   0.3615E-19
 797  0.7970   0.3613E-19
 798  0.7980   0.3611E-19
 799  0.7990   0.3608E-19
 800  0.8000   0.3606E-19
 801  0.8010   0.3603E-19
 802  0.8020   0.3600E-19
 803  0.8030   0.3598E-19
 804  0.8040   0.3595E-19
 805  0.8050   0.3593E-19
 806  0.8060   0.3590E-19
 807  0.8070   0.3587E-19
 808  0.8080   0.3585E-19
 809  0.8090   0.3582E-19
 810  0.8100   0.3579E-19
 811  0.8110   0.3577E-19
 812  0.8120   0.3574E-19
 813  0.8130   0.3571E-19
 814  0.8140   0.3568E-19
 815  0.8150   0.3565E-19
 816  0.8160   0.3563E-19
 817  0.8170   0.3560E-19
 818  0.8180   0.3557E-19
 819  0.8190   0.3554E-19
 820  0.8200   0.3551E-19
 821  0.8210   0.3548E-19
 822  0.8220   0.3545E-19
 823  0.8230   0.3542E-19
 824  0.8240   0.3539E-19
 825  0.8250   0.3536E-19
 826  0.8260   0.3533E-19
 827  0.8270   0.3530E-19
 828  0.8280   0.3527E-19
 829  0.8290   0.3524E-19
 830  0.8300   0.3521E-19
 831  0.8310   0.3518E-19
 832  0.8320   0.3515E-19
 833  0.8330   0.3511E-19
 834  0.8340   0.3508E-19
 835  0.8350   0.3505E-19
 836  0.8360   0.3502E-19
 837  0.8370   0.3499E-19
 838  0.8380   0.3495E-19
 839  0.8390   0.3492E-19
 840  0.8400   0.3489E-19
 841  0.8410   0.3485E-19
 842  0.8420   0.3482E-19
 843  0.8430   0.3479E-19
 844  0.8440   0.3475E-19
 845  0.8450   0.3472E-19
 846  0.8460   0.3469E-19
 847  0.8470   0.3465E-19
 848  0.8480   0.3462E-19
 849  0.8490   0.3458E-19
 850  0.8500   0.3455E-19
 851  0.8510   0.3451E-19
 852  0.8520   0.3448E-19
 853  0.8530   0.3444E-19
 854  0.8540   0.3441E-19
 855  0.8550   0.3437E-19
 856  0.8560   0.3434E-19
 857  0.8570   0.3430E-19
 858  0.8580   0.3426E-19
 859  0.8590   0.3423E-19
 860  0.8600   0.3419E-19
 861  0.8610   0.3416E-19
 862  0.8620   0.3412E-19
 863  0.8630   0.3408E-19
 864  0.8640   0.3404E-19
 865  0.8650   0.3401E-19
 866  0.8660   0.3397E-19
 867  0.8670   0.3393E-19
 868  0.8680   0.3389E-19
 869  0.8690   0.3386E-19
 870  0.8700   0.3382E-19
 871  0.8710   0.3378E-19
 872  0.8720   0.3374E-19
 873  0.8730   0.3370E-19
 874  0.8740   0.3366E-19
 875  0.8750   0.3362E-19
 876  0.8760   0.3359E-19
 877  0.8770   0.3355E-19
 878  0.8780   0.3351E-19
 879  0.8790   0.3347E-19
 880  0.8800   0.3343E-19
 881  0.8810   0.3339E-19
 882  0.8820   0.3335E-19
 883  0.8830   0.3331E-19
 884  0.8840   0.3327E-19
 885  0.8850   0.3323E-19
 886  0.8860   0.3319E-19
 887  0.8870   0.3314E-19
 888  0.8880   0.3310E-19
 889  0.8890   0.3306E-19
 890  0.8900   0.3302E-19
 891  0.8910   0.3298E-19
 892  0.8920   0.3294E-19
 893  0.8930   0.3290E-19
 894  0.8940   0.3285E-19
 895  0.8950   0.3281E-19
 896  0.8960   0.3277E-19
 897  0.8970   0.3273E-19
 898  0.8980   0.3269E-19
 899  0.8990   0.3264E-19
 900  0.9000   0.3260E-19
 901  0.9010   0.3256E-19
 902  0.9020   0.3251E-19
 903  0.9030   0.3247E-19
 904  0.9040   0.3243E-19
 905  0.9050   0.3238E-19
 906  0.9060   0.3234E-19
 907  0.9070   0.3230E-19
 908  0.9080   0.3225E-19
 909  0.9090   0.3221E-19
 910  0.9100   0.3216E-19
 911  0.9110   0.3212E-19
 912  0.9120   0.3207E-19
 913  0.9130   0.3203E-19
 914  0.9140   0.3199E-19
 915  0.9150   0.3194E-19
 916  0.9160   0.3189E-19
 917  0.9170   0.3185E-19
 918  0.9180   0.3180E-19
 919  0.9190   0.3176E-19
 920  0.9200   0.3171E-19
 921  0.9210   0.3167E-19
 922  0.9220   0.3162E-19
 923  0.9230   0.3158E-19
 924  0.9240   0.3153E-19
 925  0.9250   0.3148E-19
 926  0.9260   0.3144E-19
 927  0.9270   0.3139E-19
 928  0.9280   0.3134E-19
 929  0.9290   0.3130E-19
 930  0.9300   0.3125E-19
 931  0.9310   0.3120E-19
 932  0.9320   0.3116E-19
 933  0.9330   0.3111E-19
 934  0.9340   0.3106E-19
 935  0.9350   0.3101E-19
 936  0.9360   0.3097E-19
 937  0.9370   0.3092E-19
 938  0.9380   0.3087E-19
 939  0.9390   0.3082E-19
 940  0.9400   0.3077E-19
 941  0.9410   0.3072E-19
 942  0.9420   0.3068E-19
 943  0.9430   0.3063E-19
 944  0.9440   0.3058E-19
 945  0.9450   0.3053E-19
 946  0.9460   0.3048E-19
 947  0.9470   0.3043E-19
 948  0.9480   0.3038E-19
 949  0.9490   0.3033E-19
 950  0.9500   0.3028E-19
 951  0.9510   0.3024E-19
 952  0.9520   0.3019E-19
 953  0.9530   0.3014E-19
 954  0.9540   0.3009E-19
 955  0.9550   0.3004E-19
 956  0.9560   0.2999E-19
 957  0.9570   0.2994E-19
 958  0.9580   0.2989E-19
 959  0.9590   0.2984E-19
 960  0.9600   0.2979E-19
 961  0.9610   0.2973E-19
 962  0.9620   0.2968E-19
 963  0.9630   0.2963E-19
 964  0.9640   0.2958E-19
 965  0.9650   0.2953E-19
 966  0.9660   0.2948E-19
 967  0.9670   0.2943E-19
 968  0.9680   0.2938E-19
 969  0.9690   0.2933E-19
 970  0.9700   0.2927E-19
 971  0.9710   0.2922E-19
 972  0.9720   0.2917E-19
 973  0.9730   0.2912E-19
 974  0.9740   0.2907E-19
 975  0.9750   0.2902E-19
 976  0.9760   0.2896E-19
 977  0.9770   0.2891E-19
 978  0.9780   0.2886E-19
 979  0.9790   0.2881E-19
 980  0.9800   0.2875E-19
 981  0.9810   0.2870E-19
 982  0.9820   0.2865E-19
 983  0.9830   0.2860E-19
 984  0.9840   0.2854E-19
 985  0.9850   0.2849E-19
 986  0.9860   0.2844E-19
 987  0.9870   0.2839E-19
 988  0.9880   0.2833E-19
 989  0.9890   0.2828E-19
 990  0.9900   0.2823E-19
 991  0.9910   0.2817E-19
 992  0.9920   0.2812E-19
 993  0.9930   0.2806E-19
 994  0.9940   0.2801E-19
 995  0.9950   0.2796E-19
 996  0.9960   0.2790E-19
 997  0.9970   0.2785E-19
 998  0.9980   0.2780E-19
 999  0.9990   0.2774E-19
1000  1.0000   0.2769E-19
1001  1.0010   0.2763E-19
1002  1.0020   0.2758E-19
1003  1.0030   0.2752E-19
1004  1.0040   0.2747E-19
1005  1.0050   0.2742E-19
1006  1.0060   0.2736E-19
1007  1.0070   0.2731E-19
1008  1.0080   0.2725E-19
1009  1.0090   0.2720E-19
1010  1.0100   0.2714E-19
1011  1.0110   0.2709E-19
1012  1.0120   0.2703E-19
1013  1.0130   0.2698E-19
1014  1.0140   0.2692E-19
1015  1.0150   0.2687E-19
1016  1.0160   0.2681E-19
1017  1.0170   0.2676E-19
1018  1.0180   0.2670E-19
1019  1.0190   0.2664E-19
1020  1.0200   0.2659E-19
1021  1.0210   0.2653E-19
1022  1.0220   0.2648E-19
1023  1.0230   0.2642E-19
1024  1.0240   0.2637E-19
1025  1.0250   0.2631E-19
1026  1.0260   0.2625E-19
1027  1.0270   0.2620E-19
1028  1.0280   0.2614E-19
1029  1.0290   0.2609E-19
1030  1.0300   0.2603E-19
1031  1.0310   0.2597E-19
1032  1.0320   0.2592E-19
1033  1.0330   0.2586E-19
1034  1.0340   0.2580E-19
1035  1.0350   0.2575E-19
1036  1.0360   0.2569E-19
1037  1.0370   0.2564E-19
1038  1.0380   0.2558E-19
1039  1.0390   0.2552E-19
1040  1.0400   0.2547E-19
1041  1.0410   0.2541E-19
1042  1.0420   0.2535E-19
1043  1.0430   0.2530E-19
1044  1.0440   0.2524E-19
1045  1.0450   0.2518E-19
1046  1.0460   0.2512E-19
1047  1.0470   0.2507E-19
1048  1.0480   0.2501E-19
1049  1.0490   0.2495E-19
1050  1.0500   0.2490E-19
1051  1.0510   0.2484E-19
1052  1.0520   0.2478E-19
1053  1.0530   0.2472E-19
1054  1.0540   0.2467E-19
1055  1.0550   0.2461E-19
1056  1.0560   0.2455E-19
1057  1.0570   0.2449E-19
1058  1.0580   0.2444E-19
1059  1.0590   0.2438E-19
1060  1.0600   0.2432E-19
1061  1.0610   0.2426E-19
1062  1.0620   0.2421E-19
1063  1.0630   0.2415E-19
1064  1.0640   0.2409E-19
1065  1.0650   0.2403E-19
1066  1.0660   0.2398E-19
1067  1.0670   0.2392E-19
1068  1.0680   0.2386E-19
1069  1.0690   0.2380E-19
1070  1.0700   0.2374E-19
1071  1.0710   0.2369E-19
1072  1.0720   0.2363E-19
1073  1.0730   0.2357E-19
1074  1.0740   0.2351E-19
1075  1.0750   0.2345E-19
1076  1.0760   0.2340E-19
1077  1.0770   0.2334E-19
1078  1.0780   0.2328E-19
1079  1.0790   0.2322E-19
1080  1.0800   0.2316E-19
1081  1.0810   0.2311E-19
1082  1.0820   0.2305E-19
1083  1.0830   0.2299E-19
1084  1.0840   0.2293E-19
1085  1.0850   0.2287E-19
1086  1.0860   0.2282E-19
1087  1.0870   0.2276E-19
1088  1.0880   0.2270E-19
1089  1.0890   0.2264E-19
1090  1.0900   0.2258E-19
1091  1.0910   0.2252E-19
1092  1.0920   0.2247E-19
1093  1.0930   0.2241E-19
1094  1.0940   0.2235E-19
1095  1.0950   0.2229E-19
1096  1.0960   0.2223E-19
1097  1.0970   0.2217E-19
1098  1.0980   0.2212E-19
1099  1.0990   0.2206E-19
1100  1.1000   0.2200E-19
1101  1.1010   0.2194E-19
1102  1.1020   0.2188E-19
1103  1.1030   0.2182E-19
1104  1.1040   0.2176E-19
1105  1.1050   0.2171E-19
1106  1.1060   0.2165E-19
1107  1.1070   0.2159E-19
1108  1.1080   0.2153E-19
1109  1.1090   0.2147E-19
1110  1.1100   0.2141E-19
1111  1.1110   0.2136E-19
1112  1.1120   0.2130E-19
1113  1.1130   0.2124E-19
1114  1.1140   0.2118E-19
1115  1.1150   0.2112E-19
1116  1.1160   0.2106E-19
1117  1.1170   0.2100E-19
1118  1.1180   0.2095E-19
1119  1.1190   0.2089E-19
1120  1.1200   0.2083E-19
1121  1.1210   0.2077E-19
1122  1.1220   0.2071E-19
1123  1.1230   0.2065E-19
1124  1.1240   0.2060E-19
1125  1.1250   0.2054E-19
1126  1.1260   0.2048E-19
1127  1.1270   0.2042E-19
1128  1.1280   0.2036E-19
1129  1.1290   0.2030E-19
1130  1.1300   0.2025E-19
1131  1.1310   0.2019E-19
1132  1.1320   0.2013E-19
1133  1.1330   0.2007E-19
1134  1.1340   0.2001E-19
1135  1.1350   0.1995E-19
1136  1.1360   0.1990E-19
1137  1.1370   0.1984E-19
1138  1.1380   0.1978E-19
1139  1.1390   0.1972E-19
1140  1.1400   0.1966E-19
1141  1.1410   0.1960E-19
1142  1.1420   0.1955E-19
1143  1.1430   0.1949E-19
1144  1.1440   0.1943E-19
1145  1.1450   0.1937E-19
1146  1.1460   0.1931E-19
1147  1.1470   0.1926E-19
1148  1.1480   0.1920E-19
1149  1.1490   0.1914E-19
1150  1.1500   0.1908E-19
1151  1.1510   0.1902E-19
1152  1.1520   0.1897E-19
1153  1.1530   0.1891E-19
1154  1.1540   0.1885E-19
1155  1.1550   0.1879E-19
1156  1.1560   0.1873E-19
1157  1.1570   0.1868E-19
1158  1.1580   0.1862E-19
1159  1.1590   0.1856E-19
1160  1.1600   0.1850E-19
1161  1.1610   0.1845E-19
1162  1.1620   0.1839E-19
1163  1.1630   0.1833E-19
1164  1.1640   0.1827E-19
1165  1.1650   0.1822E-19
1166  1.1660   0.1816E-19
1167  1.1670   0.1810E-19
1168  1.1680   0.1804E-19
1169  1.1690   0.1799E-19
1170  1.1700   0.1793E-19
1171  1.1710   0.1787E-19
1172  1.1720   0.1781E-19
1173  1.1730   0.1776E-19
1174  1.1740   0.1770E-19
1175  1.1750   0.1764E-19
1176  1.1760   0.1758E-19
1177  1.1770   0.1753E-19
1178  1.1780   0.1747E-19
1179  1.1790   0.1741E-19
1180  1.1800   0.1736E-19
1181  1.1810   0.1730E-19
1182  1.1820   0.1724E-19
1183  1.1830   0.1719E-19
1184  1.1840   0.1713E-19
1185  1.1850   0.1707E-19
1186  1.1860   0.1702E-19
1187  1.1870   0.1696E-19
1188  1.1880   0.1690E-19
1189  1.1890   0.1685E-19
1190  1.1900   0.1679E-19
1191  1.1910   0.1673E-19
1192  1.1920   0.1668E-19
1193  1.1930   0.1662E-19
1194  1.1940   0.1656E-19
1195  1.1950   0.1651E-19
1196  1.1960   0.1645E-19
1197  1.1970   0.1639E-19
1198  1.1980   0.1634E-19
1199  1.1990   0.1628E-19
1200  1.2000   0.1623E-19
1201  1.2010   0.1617E-19
1202  1.2020   0.1611E-19
1203  1.2030   0.1606E-19
1204  1.2040   0.1600E-19
1205  1.2050   0.1595E-19
1206  1.2060   0.1589E-19
1207  1.2070   0.1584E-19
1208  1.2080   0.1578E-19
1209  1.2090   0.1572E-19
1210  1.2100   0.1567E-19
1211  1.2110   0.1561E-19
1212  1.2120   0.1556E-19
1213  1.2130   0.1550E-19
1214  1.2140   0.1545E-19
1215  1.2150   0.1539E-19
1216  1.2160   0.1534E-19
1217  1.2170   0.1528E-19
1218  1.2180   0.1523E-19
1219  1.2190   0.1517E-19
1220  1.2200   0.1512E-19
1221  1.2210   0.1506E-19
1222  1.2220   0.1501E-19
1223  1.2230   0.1495E-19
1224  1.2240   0.1490E-19
1225  1.2250   0.1484E-19
1226  1.2260   0.1479E-19
1227  1.2270   0.1474E-19
1228  1.2280   0.1468E-19
1229  1.2290   0.1463E-19
1230  1.2300   0.1457E-19
1231  1.2310   0.1452E-19
1232  1.2320   0.1447E-19
1233  1.2330   0.1441E-19
1234  1.2340   0.1436E-19
1235  1.2350   0.1430E-19
1236  1.2360   0.1425E-19
1237  1.2370   0.1420E-19
1238  1.2380   0.1414E-19
1239  1.2390   0.1409E-19
1240  1.2400   0.1404E-19
1241  1.2410   0.1398E-19
1242  1.2420   0.1393E-19
1243  1.2430   0.1388E-19
1244  1.2440   0.1382E-19
1245  1.2450   0.1377E-19
1246  1.2460   0.1372E-19
1247  1.2470   0.1366E-19
1248  1.2480   0.1361E-19
1249  1.2490   0.1356E-19
1250  1.2500   0.1350E-19
1251  1.2510   0.1345E-19
1252  1.2520   0.1340E-19
1253  1.2530   0.1335E-19
1254  1.2540   0.1329E-19
1255  1.2550   0.1324E-19
1256  1.2560   0.1319E-19
1257  1.2570   0.1314E-19
1258  1.2580   0.1309E-19
1259  1.2590   0.1303E-19
1260  1.2600   0.1298E-19
1261  1.2610   0.1293E-19
1262  1.2620   0.1288E-19
1263  1.2630   0.1283E-19
1264  1.2640   0.1277E-19
1265  1.2650   0.1272E-19
1266  1.2660   0.1267E-19
1267  1.2670   0.1262E-19
1268  1.2680   0.1257E-19
1269  1.2690   0.1252E-19
1270  1.2700   0.1247E-19
1271  1.2710   0.1242E-19
1272  1.2720   0.1237E-19
1273  1.2730   0.1231E-19
1274  1.2740   0.1226E-19
1275  1.2750   0.1221E-19
1276  1.2760   0.1216E-19
1277  1.2770   0.1211E-19
1278  1.2780   0.1206E-19
1279  1.2790   0.1201E-19
1280  1.2800   0.1196E-19
1281  1.2810   0.1191E-19
1282  1.2820   0.1186E-19
1283  1.2830   0.1181E-19
1284  1.2840   0.1176E-19
1285  1.2850   0.1171E-19
1286  1.2860   0.1166E-19
1287  1.2870   0.1161E-19
1288  1.2880   0.1156E-19
1289  1.2890   0.1151E-19
1290  1.2900   0.1146E-19
1291  1.2910   0.1142E-19
1292  1.2920   0.1137E-19
1293  1.2930   0.1132E-19
1294  1.2940   0.1127E-19
1295  1.2950   0.1122E-19
1296  1.2960   0.1117E-19
1297  1.2970   0.1112E-19
1298  1.2980   0.1107E-19
1299  1.2990   0.1102E-19
1300  1.3000   0.1098E-19
1301  1.3010   0.1093E-19
1302  1.3020   0.1088E-19
1303  1.3030   0.1083E-19
1304  1.3040   0.1078E-19
1305  1.3050   0.1074E-19
1306  1.3060   0.1069E-19
1307  1.3070   0.1064E-19
1308  1.3080   0.1059E-19
1309  1.3090   0.1055E-19
1310  1.3100   0.1050E-19
1311  1.3110   0.1045E-19
1312  1.3120   0.1040E-19
1313  1.3130   0.1036E-19
1314  1.3140   0.1031E-19
1315  1.3150   0.1026E-19
1316  1.3160   0.1022E-19
1317  1.3170   0.1017E-19
1318  1.3180   0.1012E-19
1319  1.3190   0.1008E-19
1320  1.3200   0.1003E-19
1321  1.3210   0.9985E-20
1322  1.3220   0.9939E-20
1323  1.3230   0.9893E-20
1324  1.3240   0.9847E-20
1325  1.3250   0.9801E-20
1326  1.3260   0.9755E-20
1327  1.3270   0.9710E-20
1328  1.3280   0.9664E-20
1329  1.3290   0.9619E-20
1330  1.3300   0.9574E-20
1331  1.3310   0.9529E-20
1332  1.3320   0.9483E-20
1333  1.3330   0.9439E-20
1334  1.3340   0.9394E-20
1335  1.3350   0.9349E-20
1336  1.3360   0.9304E-20
1337  1.3370   0.9260E-20
1338  1.3380   0.9215E-20
1339  1.3390   0.9171E-20
1340  1.3400   0.9127E-20
1341  1.3410   0.9083E-20
1342  1.3420   0.9039E-20
1343  1.3430   0.8995E-20
1344  1.3440   0.8951E-20
1345  1.3450   0.8908E-20
1346  1.3460   0.8864E-20
1347  1.3470   0.8821E-20
1348  1.3480   0.8777E-20
1349  1.3490   0.8734E-20
1350  1.3500   0.8691E-20
1351  1.3510   0.8648E-20
1352  1.3520   0.8605E-20
1353  1.3530   0.8562E-20
1354  1.3540   0.8520E-20
1355  1.3550   0.8477E-20
1356  1.3560   0.8435E-20
1357  1.3570   0.8392E-20
1358  1.3580   0.8350E-20
1359  1.3590   0.8308E-20
1360  1.3600   0.8266E-20
1361  1.3610   0.8224E-20
1362  1.3620   0.8182E-20
1363  1.3630   0.8141E-20
1364  1.3640   0.8099E-20
1365  1.3650   0.8058E-20
1366  1.3660   0.8017E-20
1367  1.3670   0.7975E-20
1368  1.3680   0.7934E-20
1369  1.3690   0.7893E-20
1370  1.3700   0.7853E-20
1371  1.3710   0.7812E-20
1372  1.3720   0.7771E-20
1373  1.3730   0.7731E-20
1374  1.3740   0.7690E-20
1375  1.3750   0.7650E-20
1376  1.3760   0.7610E-20
1377  1.3770   0.7570E-20
1378  1.3780   0.7530E-20
1379  1.3790   0.7490E-20
1380  1.3800   0.7450E-20
1381  1.3810   0.7411E-20
1382  1.3820   0.7371E-20
1383  1.3830   0.7332E-20
1384  1.3840   0.7293E-20
1385  1.3850   0.7254E-20
1386  1.3860   0.7215E-20
1387  1.3870   0.7176E-20
1388  1.3880   0.7137E-20
1389  1.3890   0.7098E-20
1390  1.3900   0.7060E-20
1391  1.3910   0.7021E-20
1392  1.3920   0.6983E-20
1393  1.3930   0.6945E-20
1394  1.3940   0.6907E-20
1395  1.3950   0.6869E-20
1396  1.3960   0.6831E-20
1397  1.3970   0.6794E-20
1398  1.3980   0.6756E-20
1399  1.3990   0.6718E-20
1400  1.4000   0.6681E-20
1401  1.4010   0.6644E-20
1402  1.4020   0.6607E-20
1403  1.4030   0.6570E-20
1404  1.4040   0.6533E-20
1405  1.4050   0.6496E-20
1406  1.4060   0.6460E-20
1407  1.4070   0.6423E-20
1408  1.4080   0.6387E-20
1409  1.4090   0.6350E-20
1410  1.4100   0.6314E-20
1411  1.4110   0.6278E-20
1412  1.4120   0.6242E-20
1413  1.4130   0.6206E-20
1414  1.4140   0.6171E-20
1415  1.4150   0.6135E-20
1416  1.4160   0.6100E-20
1417  1.4170   0.6064E-20
1418  1.4180   0.6029E-20
1419  1.4190   0.5994E-20
1420  1.4200   0.5959E-20
1421  1.4210   0.5924E-20
1422  1.4220   0.5890E-20
1423  1.4230   0.5855E-20
1424  1.4240   0.5821E-20
1425  1.4250   0.5786E-20
1426  1.4260   0.5752E-20
1427  1.4270   0.5718E-20
1428  1.4280   0.5684E-20
1429  1.4290   0.5650E-20
1430  1.4300   0.5616E-20
1431  1.4310   0.5583E-20
1432  1.4320   0.5549E-20
1433  1.4330   0.5516E-20
1434  1.4340   0.5482E-20
1435  1.4350   0.5449E-20
1436  1.4360   0.5416E-20
1437  1.4370   0.5383E-20
1438  1.4380   0.5350E-20
1439  1.4390   0.5318E-20
1440  1.4400   0.5285E-20
1441  1.4410   0.5253E-20
1442  1.4420   0.5220E-20
1443  1.4430   0.5188E-20
1444  1.4440   0.5156E-20
1445  1.4450   0.5124E-20
1446  1.4460   0.5092E-20
1447  1.4470   0.5061E-20
1448  1.4480   0.5029E-20
1449  1.4490   0.4998E-20
1450  1.4500   0.4966E-20
1451  1.4510   0.4935E-20
1452  1.4520   0.4904E-20
1453  1.4530   0.4873E-20
1454  1.4540   0.4842E-20
1455  1.4550   0.4811E-20
1456  1.4560   0.4781E-20
1457  1.4570   0.4750E-20
1458  1.4580   0.4720E-20
1459  1.4590   0.4689E-20
1460  1.4600   0.4659E-20
1461  1.4610   0.4629E-20
1462  1.4620   0.4599E-20
1463  1.4630   0.4570E-20
1464  1.4640   0.4540E-20
1465  1.4650   0.4510E-20
1466  1.4660   0.4481E-20
1467  1.4670   0.4452E-20
1468  1.4680   0.4422E-20
1469  1.4690   0.4393E-20
1470  1.4700   0.4364E-20
1471  1.4710   0.4335E-20
1472  1.4720   0.4307E-20
1473  1.4730   0.4278E-20
1474  1.4740   0.4250E-20
1475  1.4750   0.4221E-20
1476  1.4760   0.4193E-20
1477  1.4770   0.4165E-20
1478  1.4780   0.4137E-20
1479  1.4790   0.4109E-20
1480  1.4800   0.4081E-20
1481  1.4810   0.4054E-20
1482  1.4820   0.4026E-20
1483  1.4830   0.3999E-20
1484  1.4840   0.3971E-20
1485  1.4850   0.3944E-20
1486  1.4860   0.3917E-20
1487  1.4870   0.3890E-20
1488  1.4880   0.3863E-20
1489  1.4890   0.3837E-20
1490  1.4900   0.3810E-20
1491  1.4910   0.3784E-20
1492  1.4920   0.3757E-20
1493  1.4930   0.3731E-20
1494  1.4940   0.3705E-20
1495  1.4950   0.3679E-20
1496  1.4960   0.3653E-20
1497  1.4970   0.3627E-20
1498  1.4980   0.3602E-20
1499  1.4990   0.3576E-20
1500  1.5000   0.3551E-20
1501  1.5010   0.3525E-20
1502  1.5020   0.3500E-20
1503  1.5030   0.3475E-20
1504  1.5040   0.3450E-20
1505  1.5050   0.3425E-20
1506  1.5060   0.3401E-20
1507  1.5070   0.3376E-20
1508  1.5080   0.3351E-20
1509  1.5090   0.3327E-20
1510  1.5100   0.3303E-20
1511  1.5110   0.3279E-20
1512  1.5120   0.3255E-20
1513  1.5130   0.3231E-20
1514  1.5140   0.3207E-20
1515  1.5150   0.3183E-20
1516  1.5160   0.3160E-20
1517  1.5170   0.3136E-20
1518  1.5180   0.3113E-20
1519  1.5190   0.3090E-20
1520  1.5200   0.3066E-20
1521  1.5210   0.3043E-20
1522  1.5220   0.3021E-20
1523  1.5230   0.2998E-20
1524  1.5240   0.2975E-20
1525  1.5250   0.2953E-20
1526  1.5260   0.2930E-20
1527  1.5270   0.2908E-20
1528  1.5280   0.2886E-20
1529  1.5290   0.2863E-20
1530  1.5300   0.2841E-20
1531  1.5310   0.2820E-20
1532  1.5320   0.2798E-20
1533  1.5330   0.2776E-20
1534  1.5340   0.2755E-20
1535  1.5350   0.2733E-20
1536  1.5360   0.2712E-20
1537  1.5370   0.2691E-20
1538  1.5380   0.2670E-20
1539  1.5390   0.2649E-20
1540  1.5400   0.2628E-20
1541  1.5410   0.2607E-20
1542  1.5420   0.2586E-20
1543  1.5430   0.2566E-20
1544  1.5440   0.2545E-20
1545  1.5450   0.2525E-20
1546  1.5460   0.2505E-20
1547  1.5470   0.2485E-20
1548  1.5480   0.2465E-20
1549  1.5490   0.2445E-20
1550  1.5500   0.2425E-20
1551  1.5510   0.2405E-20
1552  1.5520   0.2386E-20
1553  1.5530   0.2366E-20
1554  1.5540   0.2347E-20
1555  1.5550   0.2327E-20
1556  1.5560   0.2308E-20
1557  1.5570   0.2289E-20
1558  1.5580   0.2270E-20
1559  1.5590   0.2251E-20
1560  1.5600   0.2233E-20
1561  1.5610   0.2214E-20
1562  1.5620   0.2196E-20
1563  1.5630   0.2177E-20
1564  1.5640   0.2159E-20
1565  1.5650   0.2141E-20
1566  1.5660   0.2123E-20
1567  1.5670   0.2105E-20
1568  1.5680   0.2087E-20
1569  1.5690   0.2069E-20
1570  1.5700   0.2051E-20
1571  1.5710   0.2034E-20
1572  1.5720   0.2016E-20
1573  1.5730   0.1999E-20
1574  1.5740   0.1981E-20
1575  1.5750   0.1964E-20
1576  1.5760   0.1947E-20
1577  1.5770   0.1930E-20
1578  1.5780   0.1913E-20
1579  1.5790   0.1897E-20
1580  1.5800   0.1880E-20
1581  1.5810   0.1863E-20
1582  1.5820   0.1847E-20
1583  1.5830   0.1831E-20
1584  1.5840   0.1814E-20
1585  1.5850   0.1798E-20
1586  1.5860   0.1782E-20
1587  1.5870   0.1766E-20
1588  1.5880   0.1750E-20
1589  1.5890   0.1734E-20
1590  1.5900   0.1719E-20
1591  1.5910   0.1703E-20
1592  1.5920   0.1688E-20
1593  1.5930   0.1672E-20
1594  1.5940   0.1657E-20
1595  1.5950   0.1642E-20
1596  1.5960   0.1627E-20
1597  1.5970   0.1612E-20
1598  1.5980   0.1597E-20
1599  1.5990   0.1582E-20
1600  1.6000   0.1567E-20
1601  1.6010   0.1553E-20
1602  1.6020   0.1538E-20
1603  1.6030   0.1524E-20
1604  1.6040   0.1509E-20
1605  1.6050   0.1495E-20
1606  1.6060   0.1481E-20
1607  1.6070   0.1467E-20
1608  1.6080   0.1453E-20
1609  1.6090   0.1439E-20
1610  1.6100   0.1425E-20
1611  1.6110   0.1412E-20
1612  1.6120   0.1398E-20
1613  1.6130   0.1385E-20
1614  1.6140   0.1371E-20
1615  1.6150   0.1358E-20
1616  1.6160   0.1345E-20
1617  1.6170   0.1332E-20
1618  1.6180   0.1319E-20
1619  1.6190   0.1306E-20
1620  1.6200   0.1293E-20
1621  1.6210   0.1280E-20
1622  1.6220   0.1267E-20
1623  1.6230   0.1255E-20
1624  1.6240   0.1242E-20
1625  1.6250   0.1230E-20
1626  1.6260   0.1217E-20
1627  1.6270   0.1205E-20
1628  1.6280   0.1193E-20
1629  1.6290   0.1181E-20
1630  1.6300   0.1169E-20
1631  1.6310   0.1157E-20
1632  1.6320   0.1145E-20
1633  1.6330   0.1133E-20
1634  1.6340   0.1122E-20
1635  1.6350   0.1110E-20
1636  1.6360   0.1099E-20
1637  1.6370   0.1087E-20
1638  1.6380   0.1076E-20
1639  1.6390   0.1065E-20
1640  1.6400   0.1054E-20
1641  1.6410   0.1043E-20
1642  1.6420   0.1032E-20
1643  1.6430   0.1021E-20
1644  1.6440   0.1010E-20
1645  1.6450   0.9992E-21
1646  1.6460   0.9886E-21
1647  1.6470   0.9780E-21
1648  1.6480   0.9675E-21
1649  1.6490   0.9571E-21
1650  1.6500   0.9468E-21
1651  1.6510   0.9366E-21
1652  1.6520   0.9264E-21
1653  1.6530   0.9163E-21
1654  1.6540   0.9063E-21
1655  1.6550   0.8964E-21
1656  1.6560   0.8865E-21
1657  1.6570   0.8767E-21
1658  1.6580   0.8670E-21
1659  1.6590   0.8574E-21
1660  1.6600   0.8479E-21
1661  1.6610   0.8384E-21
1662  1.6620   0.8290E-21
1663  1.6630   0.8197E-21
1664  1.6640   0.8105E-21
1665  1.6650   0.8013E-21
1666  1.6660   0.7922E-21
1667  1.6670   0.7832E-21
1668  1.6680   0.7742E-21
1669  1.6690   0.7654E-21
1670  1.6700   0.7566E-21
1671  1.6710   0.7478E-21
1672  1.6720   0.7392E-21
1673  1.6730   0.7306E-21
1674  1.6740   0.7221E-21
1675  1.6750   0.7137E-21
1676  1.6760   0.7053E-21
1677  1.6770   0.6970E-21
1678  1.6780   0.6888E-21
1679  1.6790   0.6806E-21
1680  1.6800   0.6726E-21
1681  1.6810   0.6645E-21
1682  1.6820   0.6566E-21
1683  1.6830   0.6487E-21
1684  1.6840   0.6409E-21
1685  1.6850   0.6332E-21
1686  1.6860   0.6255E-21
1687  1.6870   0.6179E-21
1688  1.6880   0.6104E-21
1689  1.6890   0.6029E-21
1690  1.6900   0.5955E-21
1691  1.6910   0.5882E-21
1692  1.6920   0.5809E-21
1693  1.6930   0.5737E-21
1694  1.6940   0.5666E-21
1695  1.6950   0.5595E-21
1696  1.6960   0.5525E-21
1697  1.6970   0.5455E-21
1698  1.6980   0.5387E-21
1699  1.6990   0.5318E-21
1700  1.7000   0.5251E-21
1701  1.7010   0.5184E-21
1702  1.7020   0.5118E-21
1703  1.7030   0.5052E-21
1704  1.7040   0.4987E-21
1705  1.7050   0.4922E-21
1706  1.7060   0.4859E-21
1707  1.7070   0.4795E-21
1708  1.7080   0.4733E-21
1709  1.7090   0.4671E-21
1710  1.7100   0.4609E-21
1711  1.7110   0.4549E-21
1712  1.7120   0.4488E-21
1713  1.7130   0.4429E-21
1714  1.7140   0.4370E-21
1715  1.7150   0.4311E-21
1716  1.7160   0.4253E-21
1717  1.7170   0.4196E-21
1718  1.7180   0.4139E-21
1719  1.7190   0.4083E-21
1720  1.7200   0.4027E-21
1721  1.7210   0.3972E-21
1722  1.7220   0.3918E-21
1723  1.7230   0.3864E-21
1724  1.7240   0.3810E-21
1725  1.7250   0.3757E-21
1726  1.7260   0.3705E-21
1727  1.7270   0.3653E-21
1728  1.7280   0.3602E-21
1729  1.7290   0.3551E-21
1730  1.7300   0.3501E-21
1731  1.7310   0.3451E-21
1732  1.7320   0.3402E-21
1733  1.7330   0.3354E-21
1734  1.7340   0.3306E-21
1735  1.7350   0.3258E-21
1736  1.7360   0.3211E-21
1737  1.7370   0.3164E-21
1738  1.7380   0.3118E-21
1739  1.7390   0.3073E-21
1740  1.7400   0.3028E-21
1741  1.7410   0.2983E-21
1742  1.7420   0.2939E-21
1743  1.7430   0.2895E-21
1744  1.7440   0.2852E-21
1745  1.7450   0.2809E-21
1746  1.7460   0.2767E-21
1747  1.7470   0.2726E-21
1748  1.7480   0.2684E-21
1749  1.7490   0.2644E-21
1750  1.7500   0.2603E-21
1751  1.7510   0.2563E-21
1752  1.7520   0.2524E-21
1753  1.7530   0.2485E-21
1754  1.7540   0.2447E-21
1755  1.7550   0.2409E-21
1756  1.7560   0.2371E-21
1757  1.7570   0.2334E-21
1758  1.7580   0.2297E-21
1759  1.7590   0.2261E-21
1760  1.7600   0.2225E-21
1761  1.7610   0.2189E-21
1762  1.7620   0.2154E-21
1763  1.7630   0.2120E-21
1764  1.7640   0.2086E-21
1765  1.7650   0.2052E-21
1766  1.7660   0.2019E-21
1767  1.7670   0.1986E-21
1768  1.7680   0.1953E-21
1769  1.7690   0.1921E-21
1770  1.7700   0.1889E-21
1771  1.7710   0.1858E-21
1772  1.7720   0.1827E-21
1773  1.7730   0.1796E-21
1774  1.7740   0.1766E-21
1775  1.7750   0.1736E-21
1776  1.7760   0.1707E-21
1777  1.7770   0.1678E-21
1778  1.7780   0.1649E-21
1779  1.7790   0.1621E-21
1780  1.7800   0.1593E-21
1781  1.7810   0.1565E-21
1782  1.7820   0.1538E-21
1783  1.7830   0.1511E-21
1784  1.7840   0.1485E-21
1785  1.7850   0.1459E-21
1786  1.7860   0.1433E-21
1787  1.7870   0.1407E-21
1788  1.7880   0.1382E-21
1789  1.7890   0.1357E-21
1790  1.7900   0.1333E-21
1791  1.7910   0.1309E-21
1792  1.7920   0.1285E-21
1793  1.7930   0.1262E-21
1794  1.7940   0.1239E-21
1795  1.7950   0.1216E-21
1796  1.7960   0.1193E-21
1797  1.7970   0.1171E-21
1798  1.7980   0.1149E-21
1799  1.7990   0.1128E-21
1800  1.8000   0.1106E-21
1801  1.8010   0.1086E-21
1802  1.8020   0.1065E-21
1803  1.8030   0.1045E-21
1804  1.8040   0.1025E-21
1805  1.8050   0.1005E-21
1806  1.8060   0.9854E-22
1807  1.8070   0.9662E-22
1808  1.8080   0.9473E-22
1809  1.8090   0.9287E-22
1810  1.8100   0.9104E-22
1811  1.8110   0.8923E-22
1812  1.8120   0.8746E-22
1813  1.8130   0.8571E-22
1814  1.8140   0.8398E-22
1815  1.8150   0.8228E-22
1816  1.8160   0.8061E-22
1817  1.8170   0.7897E-22
1818  1.8180   0.7735E-22
1819  1.8190   0.7575E-22
1820  1.8200   0.7419E-22
1821  1.8210   0.7264E-22
1822  1.8220   0.7112E-22
1823  1.8230   0.6963E-22
1824  1.8240   0.6816E-22
1825  1.8250   0.6671E-22
1826  1.8260   0.6529E-22
1827  1.8270   0.6388E-22
1828  1.8280   0.6251E-22
1829  1.8290   0.6115E-22
1830  1.8300   0.5982E-22
1831  1.8310   0.5851E-22
1832  1.8320   0.5722E-22
1833  1.8330   0.5596E-22
1834  1.8340   0.5471E-22
1835  1.8350   0.5349E-22
1836  1.8360   0.5229E-22
1837  1.8370   0.5111E-22
1838  1.8380   0.4995E-22
1839  1.8390   0.4881E-22
1840  1.8400   0.4768E-22
1841  1.8410   0.4658E-22
1842  1.8420   0.4550E-22
1843  1.8430   0.4444E-22
1844  1.8440   0.4340E-22
1845  1.8450   0.4237E-22
1846  1.8460   0.4137E-22
1847  1.8470   0.4038E-22
1848  1.8480   0.3941E-22
1849  1.8490   0.3846E-22
1850  1.8500   0.3753E-22
1851  1.8510   0.3662E-22
1852  1.8520   0.3572E-22
1853  1.8530   0.3484E-22
1854  1.8540   0.3397E-22
1855  1.8550   0.3312E-22
1856  1.8560   0.3229E-22
1857  1.8570   0.3148E-22
1858  1.8580   0.3068E-22
1859  1.8590   0.2989E-22
1860  1.8600   0.2913E-22
1861  1.8610   0.2837E-22
1862  1.8620   0.2763E-22
1863  1.8630   0.2691E-22
1864  1.8640   0.2620E-22
1865  1.8650   0.2551E-22
1866  1.8660   0.2483E-22
1867  1.8670   0.2416E-22
1868  1.8680   0.2351E-22
1869  1.8690   0.2288E-22
1870  1.8700   0.2225E-22
1871  1.8710   0.2164E-22
1872  1.8720   0.2104E-22
1873  1.8730   0.2046E-22
1874  1.8740   0.1988E-22
1875  1.8750   0.1932E-22
1876  1.8760   0.1877E-22
1877  1.8770   0.1824E-22
1878  1.8780   0.1772E-22
1879  1.8790   0.1720E-22
1880  1.8800   0.1670E-22
1881  1.8810   0.1621E-22
1882  1.8820   0.1573E-22
1883  1.8830   0.1527E-22
1884  1.8840   0.1481E-22
1885  1.8850   0.1437E-22
1886  1.8860   0.1393E-22
1887  1.8870   0.1351E-22
1888  1.8880   0.1309E-22
1889  1.8890   0.1269E-22
1890  1.8900   0.1229E-22
1891  1.8910   0.1190E-22
1892  1.8920   0.1153E-22
1893  1.8930   0.1116E-22
1894  1.8940   0.1080E-22
1895  1.8950   0.1046E-22
1896  1.8960   0.1012E-22
1897  1.8970   0.9785E-23
1898  1.8980   0.9462E-23
1899  1.8990   0.9148E-23
1900  1.9000   0.8842E-23
1901  1.9010   0.8543E-23
1902  1.9020   0.8253E-23
1903  1.9030   0.7971E-23
1904  1.9040   0.7696E-23
1905  1.9050   0.7428E-23
1906  1.9060   0.7168E-23
1907  1.9070   0.6915E-23
1908  1.9080   0.6669E-23
1909  1.9090   0.6430E-23
1910  1.9100   0.6197E-23
1911  1.9110   0.5971E-23
1912  1.9120   0.5752E-23
1913  1.9130   0.5539E-23
1914  1.9140   0.5332E-23
1915  1.9150   0.5132E-23
1916  1.9160   0.4937E-23
1917  1.9170   0.4748E-23
1918  1.9180   0.4565E-23
1919  1.9190   0.4387E-23
1920  1.9200   0.4215E-23
1921  1.9210   0.4048E-23
1922  1.9220   0.3886E-23
1923  1.9230   0.3729E-23
1924  1.9240   0.3578E-23
1925  1.9250   0.3431E-23
1926  1.9260   0.3289E-23
1927  1.9270   0.3152E-23
1928  1.9280   0.3019E-23
1929  1.9290   0.2890E-23
1930  1.9300   0.2766E-23
1931  1.9310   0.2647E-23
1932  1.9320   0.2531E-23
1933  1.9330   0.2419E-23
1934  1.9340   0.2311E-23
1935  1.9350   0.2207E-23
1936  1.9360   0.2107E-23
1937  1.9370   0.2010E-23
1938  1.9380   0.1917E-23
1939  1.9390   0.1827E-23
1940  1.9400   0.1741E-23
1941  1.9410   0.1657E-23
1942  1.9420   0.1577E-23
1943  1.9430   0.1500E-23
1944  1.9440   0.1426E-23
1945  1.9450   0.1355E-23
1946  1.9460   0.1287E-23
1947  1.9470   0.1221E-23
1948  1.9480   0.1159E-23
1949  1.9490   0.1098E-23
1950  1.9500   0.1040E-23
1951  1.9510   0.9850E-24
1952  1.9520   0.9319E-24
1953  1.9530   0.8812E-24
1954  1.9540   0.8326E-24
1955  1.9550   0.7861E-24
1956  1.9560   0.7418E-24
1957  1.9570   0.6994E-24
1958  1.9580   0.6589E-24
1959  1.9590   0.6204E-24
1960  1.9600   0.5836E-24
1961  1.9610   0.5485E-24
1962  1.9620   0.5152E-24
1963  1.9630   0.4835E-24
1964  1.9640   0.4533E-24
1965  1.9650   0.4246E-24
1966  1.9660   0.3974E-24
1967  1.9670   0.3716E-24
1968  1.9680   0.3471E-24
1969  1.9690   0.3239E-24
1970  1.9700   0.3020E-24
1971  1.9710   0.2812E-24
1972  1.9720   0.2616E-24
1973  1.9730   0.2431E-24
1974  1.9740   0.2256E-24
1975  1.9750   0.2092E-24
1976  1.9760   0.1937E-24
1977  1.9770   0.1791E-24
1978  1.9780   0.1654E-24
1979  1.9790   0.1526E-24
1980  1.9800   0.1405E-24
1981  1.9810   0.1292E-24
1982  1.9820   0.1187E-24
1983  1.9830   0.1088E-24
1984  1.9840   0.9963E-25
1985  1.9850   0.9106E-25
1986  1.9860   0.8308E-25
1987  1.9870   0.7567E-25
1988  1.9880   0.6879E-25
1989  1.9890   0.6242E-25
1990  1.9900   0.5652E-25
1991  1.9910   0.5108E-25
1992  1.9920   0.4606E-25
1993  1.9930   0.4144E-25
1994  1.9940   0.3719E-25
1995  1.9950   0.3330E-25
1996  1.9960   0.2974E-25
1997  1.9970   0.2649E-25
1998  1.9980   0.2352E-25
1999  1.9990   0.2083E-25
2000  2.0000   0.1839E-25
2001  2.0010   0.1618E-25
2002  2.0020   0.1418E-25
2003  2.0030   0.1239E-25
2004  2.0040   0.1078E-25
2005  2.0050   0.9346E-26
2006  2.0060   0.8066E-26
2007  2.0070   0.6929E-26
2008  2.0080   0.5923E-26
2009  2.0090   0.5037E-26
2010  2.0100   0.4260E-26
2011  2.0110   0.3581E-26
2012  2.0120   0.2992E-26
2013  2.0130   0.2482E-26
2014  2.0140   0.2044E-26
2015  2.0150   0.1670E-26
2016  2.0160   0.1353E-26
2017  2.0170   0.1086E-26
2018  2.0180   0.8622E-27
2019  2.0190   0.6770E-27
2020  2.0200   0.5250E-27
2021  2.0210   0.4016E-27
2022  2.0220   0.3025E-27
2023  2.0230   0.2239E-27
2024  2.0240   0.1626E-27
2025  2.0250   0.1154E-27
2026  2.0260   0.7992E-28
2027  2.0270   0.5372E-28
2028  2.0280   0.3488E-28
2029  2.0290   0.2173E-28
2030  2.0300   0.1288E-28
2031  2.0310   0.7178E-29
2032  2.0320   0.3700E-29
2033  2.0330   0.1722E-29
2034  2.0340   0.6968E-30
2035  2.0350   0.2302E-30
2036  2.0360   0.5500E-31
2037  2.0370   0.7051E-32
2038  2.0380   0.1043E-34
2039  2.0390   0.0000E+00
