   1  0.0010   0.6223E-15
   2  0.0020   0.6028E-15
   3  0.0030   0.6085E-15
   4  0.0040   0.6127E-15
   5  0.0050   0.6140E-15
   6  0.0060   0.6121E-15
   7  0.0070   0.6145E-15
   8  0.0080   0.6177E-15
   9  0.0090   0.6206E-15
  10  0.0100   0.6202E-15
  11  0.0110   0.6225E-15
  12  0.0120   0.6259E-15
  13  0.0130   0.6250E-15
  14  0.0140   0.6285E-15
  15  0.0150   0.6292E-15
  16  0.0160   0.6311E-15
  17  0.0170   0.6333E-15
  18  0.0180   0.6343E-15
  19  0.0190   0.6369E-15
  20  0.0200   0.6377E-15
  21  0.0210   0.6401E-15
  22  0.0220   0.6414E-15
  23  0.0230   0.6438E-15
  24  0.0240   0.6458E-15
  25  0.0250   0.6474E-15
  26  0.0260   0.6497E-15
  27  0.0270   0.6509E-15
  28  0.0280   0.6539E-15
  29  0.0290   0.6551E-15
  30  0.0300   0.6575E-15
  31  0.0310   0.6595E-15
  32  0.0320   0.6613E-15
  33  0.0330   0.6638E-15
  34  0.0340   0.6653E-15
  35  0.0350   0.6678E-15
  36  0.0360   0.6698E-15
  37  0.0370   0.6717E-15
  38  0.0380   0.6742E-15
  39  0.0390   0.6761E-15
  40  0.0400   0.6782E-15
  41  0.0410   0.6806E-15
  42  0.0420   0.6825E-15
  43  0.0430   0.6848E-15
  44  0.0440   0.6871E-15
  45  0.0450   0.6891E-15
  46  0.0460   0.6914E-15
  47  0.0470   0.6937E-15
  48  0.0480   0.6958E-15
  49  0.0490   0.6981E-15
  50  0.0500   0.7004E-15
  51  0.0510   0.7025E-15
  52  0.0520   0.7048E-15
  53  0.0530   0.7071E-15
  54  0.0540   0.7093E-15
  55  0.0550   0.7116E-15
  56  0.0560   0.7139E-15
  57  0.0570   0.7162E-15
  58  0.0580   0.7185E-15
  59  0.0590   0.7208E-15
  60  0.0600   0.7231E-15
  61  0.0610   0.7254E-15
  62  0.0620   0.7277E-15
  63  0.0630   0.7300E-15
  64  0.0640   0.7323E-15
  65  0.0650   0.7346E-15
  66  0.0660   0.7369E-15
  67  0.0670   0.7393E-15
  68  0.0680   0.7416E-15
  69  0.0690   0.7439E-15
  70  0.0700   0.7463E-15
  71  0.0710   0.7486E-15
  72  0.0720   0.7509E-15
  73  0.0730   0.7533E-15
  74  0.0740   0.7556E-15
  75  0.0750   0.7580E-15
  76  0.0760   0.7603E-15
  77  0.0770   0.7627E-15
  78  0.0780   0.7650E-15
  79  0.0790   0.7674E-15
  80  0.0800   0.7698E-15
  81  0.0810   0.7721E-15
  82  0.0820   0.7745E-15
  83  0.0830   0.7769E-15
  84  0.0840   0.7792E-15
  85  0.0850   0.7816E-15
  86  0.0860   0.7840E-15
  87  0.0870   0.7864E-15
  88  0.0880   0.7887E-15
  89  0.0890   0.7911E-15
  90  0.0900   0.7935E-15
  91  0.0910   0.7959E-15
  92  0.0920   0.7983E-15
  93  0.0930   0.8007E-15
  94  0.0940   0.8031E-15
  95  0.0950   0.8054E-15
  96  0.0960   0.8078E-15
  97  0.0970   0.8102E-15
  98  0.0980   0.8126E-15
  99  0.0990   0.8150E-15
 100  0.1000   0.8174E-15
 101  0.1010   0.8198E-15
 102  0.1020   0.8222E-15
 103  0.1030   0.8246E-15
 104  0.1040   0.8270E-15
 105  0.1050   0.8294E-15
 106  0.1060   0.8318E-15
 107  0.1070   0.8342E-15
 108  0.1080   0.8366E-15
 109  0.1090   0.8390E-15
 110  0.1100   0.8414E-15
 111  0.1110   0.8438E-15
 112  0.1120   0.8462E-15
 113  0.1130   0.8486E-15
 114  0.1140   0.8510E-15
 115  0.1150   0.8534E-15
 116  0.1160   0.8559E-15
 117  0.1170   0.8583E-15
 118  0.1180   0.8607E-15
 119  0.1190   0.8631E-15
 120  0.1200   0.8655E-15
 121  0.1210   0.8679E-15
 122  0.1220   0.8703E-15
 123  0.1230   0.8727E-15
 124  0.1240   0.8751E-15
 125  0.1250   0.8775E-15
 126  0.1260   0.8799E-15
 127  0.1270   0.8823E-15
 128  0.1280   0.8848E-15
 129  0.1290   0.8872E-15
 130  0.1300   0.8896E-15
 131  0.1310   0.8920E-15
 132  0.1320   0.8944E-15
 133  0.1330   0.8968E-15
 134  0.1340   0.8992E-15
 135  0.1350   0.9016E-15
 136  0.1360   0.9040E-15
 137  0.1370   0.9065E-15
 138  0.1380   0.9089E-15
 139  0.1390   0.9113E-15
 140  0.1400   0.9137E-15
 141  0.1410   0.9161E-15
 142  0.1420   0.9185E-15
 143  0.1430   0.9209E-15
 144  0.1440   0.9233E-15
 145  0.1450   0.9257E-15
 146  0.1460   0.9281E-15
 147  0.1470   0.9306E-15
 148  0.1480   0.9330E-15
 149  0.1490   0.9354E-15
 150  0.1500   0.9378E-15
 151  0.1510   0.9402E-15
 152  0.1520   0.9426E-15
 153  0.1530   0.9450E-15
 154  0.1540   0.9474E-15
 155  0.1550   0.9498E-15
 156  0.1560   0.9522E-15
 157  0.1570   0.9546E-15
 158  0.1580   0.9570E-15
 159  0.1590   0.9594E-15
 160  0.1600   0.9618E-15
 161  0.1610   0.9642E-15
 162  0.1620   0.9666E-15
 163  0.1630   0.9691E-15
 164  0.1640   0.9715E-15
 165  0.1650   0.9739E-15
 166  0.1660   0.9763E-15
 167  0.1670   0.9787E-15
 168  0.1680   0.9811E-15
 169  0.1690   0.9835E-15
 170  0.1700   0.9859E-15
 171  0.1710   0.9883E-15
 172  0.1720   0.9907E-15
 173  0.1730   0.9931E-15
 174  0.1740   0.9955E-15
 175  0.1750   0.9979E-15
 176  0.1760   0.1000E-14
 177  0.1770   0.1003E-14
 178  0.1780   0.1005E-14
 179  0.1790   0.1007E-14
 180  0.1800   0.1010E-14
 181  0.1810   0.1012E-14
 182  0.1820   0.1015E-14
 183  0.1830   0.1017E-14
 184  0.1840   0.1019E-14
 185  0.1850   0.1022E-14
 186  0.1860   0.1024E-14
 187  0.1870   0.1027E-14
 188  0.1880   0.1029E-14
 189  0.1890   0.1031E-14
 190  0.1900   0.1034E-14
 191  0.1910   0.1036E-14
 192  0.1920   0.1039E-14
 193  0.1930   0.1041E-14
 194  0.1940   0.1043E-14
 195  0.1950   0.1046E-14
 196  0.1960   0.1048E-14
 197  0.1970   0.1050E-14
 198  0.1980   0.1053E-14
 199  0.1990   0.1055E-14
 200  0.2000   0.1058E-14
 201  0.2010   0.1060E-14
 202  0.2020   0.1062E-14
 203  0.2030   0.1065E-14
 204  0.2040   0.1067E-14
 205  0.2050   0.1069E-14
 206  0.2060   0.1072E-14
 207  0.2070   0.1074E-14
 208  0.2080   0.1077E-14
 209  0.2090   0.1079E-14
 210  0.2100   0.1081E-14
 211  0.2110   0.1084E-14
 212  0.2120   0.1086E-14
 213  0.2130   0.1088E-14
 214  0.2140   0.1091E-14
 215  0.2150   0.1093E-14
 216  0.2160   0.1096E-14
 217  0.2170   0.1098E-14
 218  0.2180   0.1100E-14
 219  0.2190   0.1103E-14
 220  0.2200   0.1105E-14
 221  0.2210   0.1107E-14
 222  0.2220   0.1110E-14
 223  0.2230   0.1112E-14
 224  0.2240   0.1114E-14
 225  0.2250   0.1117E-14
 226  0.2260   0.1119E-14
 227  0.2270   0.1121E-14
 228  0.2280   0.1124E-14
 229  0.2290   0.1126E-14
 230  0.2300   0.1129E-14
 231  0.2310   0.1131E-14
 232  0.2320   0.1133E-14
 233  0.2330   0.1136E-14
 234  0.2340   0.1138E-14
 235  0.2350   0.1140E-14
 236  0.2360   0.1143E-14
 237  0.2370   0.1145E-14
 238  0.2380   0.1147E-14
 239  0.2390   0.1150E-14
 240  0.2400   0.1152E-14
 241  0.2410   0.1154E-14
 242  0.2420   0.1157E-14
 243  0.2430   0.1159E-14
 244  0.2440   0.1161E-14
 245  0.2450   0.1164E-14
 246  0.2460   0.1166E-14
 247  0.2470   0.1168E-14
 248  0.2480   0.1171E-14
 249  0.2490   0.1173E-14
 250  0.2500   0.1175E-14
 251  0.2510   0.1178E-14
 252  0.2520   0.1180E-14
 253  0.2530   0.1182E-14
 254  0.2540   0.1185E-14
 255  0.2550   0.1187E-14
 256  0.2560   0.1189E-14
 257  0.2570   0.1192E-14
 258  0.2580   0.1194E-14
 259  0.2590   0.1196E-14
 260  0.2600   0.1199E-14
 261  0.2610   0.1201E-14
 262  0.2620   0.1203E-14
 263  0.2630   0.1206E-14
 264  0.2640   0.1208E-14
 265  0.2650   0.1210E-14
 266  0.2660   0.1212E-14
 267  0.2670   0.1215E-14
 268  0.2680   0.1217E-14
 269  0.2690   0.1219E-14
 270  0.2700   0.1222E-14
 271  0.2710   0.1224E-14
 272  0.2720   0.1226E-14
 273  0.2730   0.1229E-14
 274  0.2740   0.1231E-14
 275  0.2750   0.1233E-14
 276  0.2760   0.1235E-14
 277  0.2770   0.1238E-14
 278  0.2780   0.1240E-14
 279  0.2790   0.1242E-14
 280  0.2800   0.1245E-14
 281  0.2810   0.1247E-14
 282  0.2820   0.1249E-14
 283  0.2830   0.1251E-14
 284  0.2840   0.1254E-14
 285  0.2850   0.1256E-14
 286  0.2860   0.1258E-14
 287  0.2870   0.1261E-14
 288  0.2880   0.1263E-14
 289  0.2890   0.1265E-14
 290  0.2900   0.1267E-14
 291  0.2910   0.1270E-14
 292  0.2920   0.1272E-14
 293  0.2930   0.1274E-14
 294  0.2940   0.1277E-14
 295  0.2950   0.1279E-14
 296  0.2960   0.1281E-14
 297  0.2970   0.1283E-14
 298  0.2980   0.1286E-14
 299  0.2990   0.1288E-14
 300  0.3000   0.1290E-14
 301  0.3010   0.1292E-14
 302  0.3020   0.1295E-14
 303  0.3030   0.1297E-14
 304  0.3040   0.1299E-14
 305  0.3050   0.1301E-14
 306  0.3060   0.1304E-14
 307  0.3070   0.1306E-14
 308  0.3080   0.1308E-14
 309  0.3090   0.1310E-14
 310  0.3100   0.1313E-14
 311  0.3110   0.1315E-14
 312  0.3120   0.1317E-14
 313  0.3130   0.1319E-14
 314  0.3140   0.1322E-14
 315  0.3150   0.1324E-14
 316  0.3160   0.1326E-14
 317  0.3170   0.1328E-14
 318  0.3180   0.1330E-14
 319  0.3190   0.1333E-14
 320  0.3200   0.1335E-14
 321  0.3210   0.1337E-14
 322  0.3220   0.1339E-14
 323  0.3230   0.1342E-14
 324  0.3240   0.1344E-14
 325  0.3250   0.1346E-14
 326  0.3260   0.1348E-14
 327  0.3270   0.1350E-14
 328  0.3280   0.1353E-14
 329  0.3290   0.1355E-14
 330  0.3300   0.1357E-14
 331  0.3310   0.1359E-14
 332  0.3320   0.1362E-14
 333  0.3330   0.1364E-14
 334  0.3340   0.1366E-14
 335  0.3350   0.1368E-14
 336  0.3360   0.1370E-14
 337  0.3370   0.1373E-14
 338  0.3380   0.1375E-14
 339  0.3390   0.1377E-14
 340  0.3400   0.1379E-14
 341  0.3410   0.1381E-14
 342  0.3420   0.1383E-14
 343  0.3430   0.1386E-14
 344  0.3440   0.1388E-14
 345  0.3450   0.1390E-14
 346  0.3460   0.1392E-14
 347  0.3470   0.1394E-14
 348  0.3480   0.1397E-14
 349  0.3490   0.1399E-14
 350  0.3500   0.1401E-14
 351  0.3510   0.1403E-14
 352  0.3520   0.1405E-14
 353  0.3530   0.1407E-14
 354  0.3540   0.1410E-14
 355  0.3550   0.1412E-14
 356  0.3560   0.1414E-14
 357  0.3570   0.1416E-14
 358  0.3580   0.1418E-14
 359  0.3590   0.1420E-14
 360  0.3600   0.1423E-14
 361  0.3610   0.1425E-14
 362  0.3620   0.1427E-14
 363  0.3630   0.1429E-14
 364  0.3640   0.1431E-14
 365  0.3650   0.1433E-14
 366  0.3660   0.1435E-14
 367  0.3670   0.1438E-14
 368  0.3680   0.1440E-14
 369  0.3690   0.1442E-14
 370  0.3700   0.1444E-14
 371  0.3710   0.1446E-14
 372  0.3720   0.1448E-14
 373  0.3730   0.1450E-14
 374  0.3740   0.1452E-14
 375  0.3750   0.1455E-14
 376  0.3760   0.1457E-14
 377  0.3770   0.1459E-14
 378  0.3780   0.1461E-14
 379  0.3790   0.1463E-14
 380  0.3800   0.1465E-14
 381  0.3810   0.1467E-14
 382  0.3820   0.1469E-14
 383  0.3830   0.1472E-14
 384  0.3840   0.1474E-14
 385  0.3850   0.1476E-14
 386  0.3860   0.1478E-14
 387  0.3870   0.1480E-14
 388  0.3880   0.1482E-14
 389  0.3890   0.1484E-14
 390  0.3900   0.1486E-14
 391  0.3910   0.1488E-14
 392  0.3920   0.1490E-14
 393  0.3930   0.1492E-14
 394  0.3940   0.1495E-14
 395  0.3950   0.1497E-14
 396  0.3960   0.1499E-14
 397  0.3970   0.1501E-14
 398  0.3980   0.1503E-14
 399  0.3990   0.1505E-14
 400  0.4000   0.1507E-14
 401  0.4010   0.1509E-14
 402  0.4020   0.1511E-14
 403  0.4030   0.1513E-14
 404  0.4040   0.1515E-14
 405  0.4050   0.1517E-14
 406  0.4060   0.1519E-14
 407  0.4070   0.1521E-14
 408  0.4080   0.1524E-14
 409  0.4090   0.1526E-14
 410  0.4100   0.1528E-14
 411  0.4110   0.1530E-14
 412  0.4120   0.1532E-14
 413  0.4130   0.1534E-14
 414  0.4140   0.1536E-14
 415  0.4150   0.1538E-14
 416  0.4160   0.1540E-14
 417  0.4170   0.1542E-14
 418  0.4180   0.1544E-14
 419  0.4190   0.1546E-14
 420  0.4200   0.1548E-14
 421  0.4210   0.1550E-14
 422  0.4220   0.1552E-14
 423  0.4230   0.1554E-14
 424  0.4240   0.1556E-14
 425  0.4250   0.1558E-14
 426  0.4260   0.1560E-14
 427  0.4270   0.1562E-14
 428  0.4280   0.1564E-14
 429  0.4290   0.1566E-14
 430  0.4300   0.1568E-14
 431  0.4310   0.1570E-14
 432  0.4320   0.1572E-14
 433  0.4330   0.1574E-14
 434  0.4340   0.1576E-14
 435  0.4350   0.1578E-14
 436  0.4360   0.1580E-14
 437  0.4370   0.1582E-14
 438  0.4380   0.1584E-14
 439  0.4390   0.1586E-14
 440  0.4400   0.1588E-14
 441  0.4410   0.1590E-14
 442  0.4420   0.1592E-14
 443  0.4430   0.1594E-14
 444  0.4440   0.1596E-14
 445  0.4450   0.1598E-14
 446  0.4460   0.1600E-14
 447  0.4470   0.1602E-14
 448  0.4480   0.1604E-14
 449  0.4490   0.1606E-14
 450  0.4500   0.1608E-14
 451  0.4510   0.1610E-14
 452  0.4520   0.1612E-14
 453  0.4530   0.1614E-14
 454  0.4540   0.1616E-14
 455  0.4550   0.1617E-14
 456  0.4560   0.1619E-14
 457  0.4570   0.1621E-14
 458  0.4580   0.1623E-14
 459  0.4590   0.1625E-14
 460  0.4600   0.1627E-14
 461  0.4610   0.1629E-14
 462  0.4620   0.1631E-14
 463  0.4630   0.1633E-14
 464  0.4640   0.1635E-14
 465  0.4650   0.1637E-14
 466  0.4660   0.1639E-14
 467  0.4670   0.1641E-14
 468  0.4680   0.1643E-14
 469  0.4690   0.1644E-14
 470  0.4700   0.1646E-14
 471  0.4710   0.1648E-14
 472  0.4720   0.1650E-14
 473  0.4730   0.1652E-14
 474  0.4740   0.1654E-14
 475  0.4750   0.1656E-14
 476  0.4760   0.1658E-14
 477  0.4770   0.1660E-14
 478  0.4780   0.1661E-14
 479  0.4790   0.1663E-14
 480  0.4800   0.1665E-14
 481  0.4810   0.1667E-14
 482  0.4820   0.1669E-14
 483  0.4830   0.1671E-14
 484  0.4840   0.1673E-14
 485  0.4850   0.1675E-14
 486  0.4860   0.1676E-14
 487  0.4870   0.1678E-14
 488  0.4880   0.1680E-14
 489  0.4890   0.1682E-14
 490  0.4900   0.1684E-14
 491  0.4910   0.1686E-14
 492  0.4920   0.1688E-14
 493  0.4930   0.1689E-14
 494  0.4940   0.1691E-14
 495  0.4950   0.1693E-14
 496  0.4960   0.1695E-14
 497  0.4970   0.1697E-14
 498  0.4980   0.1699E-14
 499  0.4990   0.1700E-14
 500  0.5000   0.1702E-14
 501  0.5010   0.1704E-14
 502  0.5020   0.1706E-14
 503  0.5030   0.1708E-14
 504  0.5040   0.1710E-14
 505  0.5050   0.1711E-14
 506  0.5060   0.1713E-14
 507  0.5070   0.1715E-14
 508  0.5080   0.1717E-14
 509  0.5090   0.1719E-14
 510  0.5100   0.1720E-14
 511  0.5110   0.1722E-14
 512  0.5120   0.1724E-14
 513  0.5130   0.1726E-14
 514  0.5140   0.1728E-14
 515  0.5150   0.1729E-14
 516  0.5160   0.1731E-14
 517  0.5170   0.1733E-14
 518  0.5180   0.1735E-14
 519  0.5190   0.1736E-14
 520  0.5200   0.1738E-14
 521  0.5210   0.1740E-14
 522  0.5220   0.1742E-14
 523  0.5230   0.1744E-14
 524  0.5240   0.1745E-14
 525  0.5250   0.1747E-14
 526  0.5260   0.1749E-14
 527  0.5270   0.1751E-14
 528  0.5280   0.1752E-14
 529  0.5290   0.1754E-14
 530  0.5300   0.1756E-14
 531  0.5310   0.1758E-14
 532  0.5320   0.1759E-14
 533  0.5330   0.1761E-14
 534  0.5340   0.1763E-14
 535  0.5350   0.1765E-14
 536  0.5360   0.1766E-14
 537  0.5370   0.1768E-14
 538  0.5380   0.1770E-14
 539  0.5390   0.1771E-14
 540  0.5400   0.1773E-14
 541  0.5410   0.1775E-14
 542  0.5420   0.1777E-14
 543  0.5430   0.1778E-14
 544  0.5440   0.1780E-14
 545  0.5450   0.1782E-14
 546  0.5460   0.1783E-14
 547  0.5470   0.1785E-14
 548  0.5480   0.1787E-14
 549  0.5490   0.1788E-14
 550  0.5500   0.1790E-14
 551  0.5510   0.1792E-14
 552  0.5520   0.1793E-14
 553  0.5530   0.1795E-14
 554  0.5540   0.1797E-14
 555  0.5550   0.1799E-14
 556  0.5560   0.1800E-14
 557  0.5570   0.1802E-14
 558  0.5580   0.1804E-14
 559  0.5590   0.1805E-14
 560  0.5600   0.1807E-14
 561  0.5610   0.1808E-14
 562  0.5620   0.1810E-14
 563  0.5630   0.1812E-14
 564  0.5640   0.1813E-14
 565  0.5650   0.1815E-14
 566  0.5660   0.1817E-14
 567  0.5670   0.1818E-14
 568  0.5680   0.1820E-14
 569  0.5690   0.1822E-14
 570  0.5700   0.1823E-14
 571  0.5710   0.1825E-14
 572  0.5720   0.1826E-14
 573  0.5730   0.1828E-14
 574  0.5740   0.1830E-14
 575  0.5750   0.1831E-14
 576  0.5760   0.1833E-14
 577  0.5770   0.1835E-14
 578  0.5780   0.1836E-14
 579  0.5790   0.1838E-14
 580  0.5800   0.1839E-14
 581  0.5810   0.1841E-14
 582  0.5820   0.1843E-14
 583  0.5830   0.1844E-14
 584  0.5840   0.1846E-14
 585  0.5850   0.1847E-14
 586  0.5860   0.1849E-14
 587  0.5870   0.1850E-14
 588  0.5880   0.1852E-14
 589  0.5890   0.1854E-14
 590  0.5900   0.1855E-14
 591  0.5910   0.1857E-14
 592  0.5920   0.1858E-14
 593  0.5930   0.1860E-14
 594  0.5940   0.1861E-14
 595  0.5950   0.1863E-14
 596  0.5960   0.1864E-14
 597  0.5970   0.1866E-14
 598  0.5980   0.1868E-14
 599  0.5990   0.1869E-14
 600  0.6000   0.1871E-14
 601  0.6010   0.1872E-14
 602  0.6020   0.1874E-14
 603  0.6030   0.1875E-14
 604  0.6040   0.1877E-14
 605  0.6050   0.1878E-14
 606  0.6060   0.1880E-14
 607  0.6070   0.1881E-14
 608  0.6080   0.1883E-14
 609  0.6090   0.1884E-14
 610  0.6100   0.1886E-14
 611  0.6110   0.1887E-14
 612  0.6120   0.1889E-14
 613  0.6130   0.1890E-14
 614  0.6140   0.1892E-14
 615  0.6150   0.1893E-14
 616  0.6160   0.1895E-14
 617  0.6170   0.1896E-14
 618  0.6180   0.1898E-14
 619  0.6190   0.1899E-14
 620  0.6200   0.1901E-14
 621  0.6210   0.1902E-14
 622  0.6220   0.1904E-14
 623  0.6230   0.1905E-14
 624  0.6240   0.1907E-14
 625  0.6250   0.1908E-14
 626  0.6260   0.1909E-14
 627  0.6270   0.1911E-14
 628  0.6280   0.1912E-14
 629  0.6290   0.1914E-14
 630  0.6300   0.1915E-14
 631  0.6310   0.1917E-14
 632  0.6320   0.1918E-14
 633  0.6330   0.1920E-14
 634  0.6340   0.1921E-14
 635  0.6350   0.1922E-14
 636  0.6360   0.1924E-14
 637  0.6370   0.1925E-14
 638  0.6380   0.1927E-14
 639  0.6390   0.1928E-14
 640  0.6400   0.1929E-14
 641  0.6410   0.1931E-14
 642  0.6420   0.1932E-14
 643  0.6430   0.1934E-14
 644  0.6440   0.1935E-14
 645  0.6450   0.1936E-14
 646  0.6460   0.1938E-14
 647  0.6470   0.1939E-14
 648  0.6480   0.1941E-14
 649  0.6490   0.1942E-14
 650  0.6500   0.1943E-14
 651  0.6510   0.1945E-14
 652  0.6520   0.1946E-14
 653  0.6530   0.1947E-14
 654  0.6540   0.1949E-14
 655  0.6550   0.1950E-14
 656  0.6560   0.1952E-14
 657  0.6570   0.1953E-14
 658  0.6580   0.1954E-14
 659  0.6590   0.1956E-14
 660  0.6600   0.1957E-14
 661  0.6610   0.1958E-14
 662  0.6620   0.1960E-14
 663  0.6630   0.1961E-14
 664  0.6640   0.1962E-14
 665  0.6650   0.1964E-14
 666  0.6660   0.1965E-14
 667  0.6670   0.1966E-14
 668  0.6680   0.1968E-14
 669  0.6690   0.1969E-14
 670  0.6700   0.1970E-14
 671  0.6710   0.1972E-14
 672  0.6720   0.1973E-14
 673  0.6730   0.1974E-14
 674  0.6740   0.1975E-14
 675  0.6750   0.1977E-14
 676  0.6760   0.1978E-14
 677  0.6770   0.1979E-14
 678  0.6780   0.1981E-14
 679  0.6790   0.1982E-14
 680  0.6800   0.1983E-14
 681  0.6810   0.1984E-14
 682  0.6820   0.1986E-14
 683  0.6830   0.1987E-14
 684  0.6840   0.1988E-14
 685  0.6850   0.1989E-14
 686  0.6860   0.1991E-14
 687  0.6870   0.1992E-14
 688  0.6880   0.1993E-14
 689  0.6890   0.1994E-14
 690  0.6900   0.1996E-14
 691  0.6910   0.1997E-14
 692  0.6920   0.1998E-14
 693  0.6930   0.1999E-14
 694  0.6940   0.2001E-14
 695  0.6950   0.2002E-14
 696  0.6960   0.2003E-14
 697  0.6970   0.2004E-14
 698  0.6980   0.2005E-14
 699  0.6990   0.2007E-14
 700  0.7000   0.2008E-14
 701  0.7010   0.2009E-14
 702  0.7020   0.2010E-14
 703  0.7030   0.2011E-14
 704  0.7040   0.2013E-14
 705  0.7050   0.2014E-14
 706  0.7060   0.2015E-14
 707  0.7070   0.2016E-14
 708  0.7080   0.2017E-14
 709  0.7090   0.2019E-14
 710  0.7100   0.2020E-14
 711  0.7110   0.2021E-14
 712  0.7120   0.2022E-14
 713  0.7130   0.2023E-14
 714  0.7140   0.2024E-14
 715  0.7150   0.2026E-14
 716  0.7160   0.2027E-14
 717  0.7170   0.2028E-14
 718  0.7180   0.2029E-14
 719  0.7190   0.2030E-14
 720  0.7200   0.2031E-14
 721  0.7210   0.2032E-14
 722  0.7220   0.2034E-14
 723  0.7230   0.2035E-14
 724  0.7240   0.2036E-14
 725  0.7250   0.2037E-14
 726  0.7260   0.2038E-14
 727  0.7270   0.2039E-14
 728  0.7280   0.2040E-14
 729  0.7290   0.2041E-14
 730  0.7300   0.2042E-14
 731  0.7310   0.2044E-14
 732  0.7320   0.2045E-14
 733  0.7330   0.2046E-14
 734  0.7340   0.2047E-14
 735  0.7350   0.2048E-14
 736  0.7360   0.2049E-14
 737  0.7370   0.2050E-14
 738  0.7380   0.2051E-14
 739  0.7390   0.2052E-14
 740  0.7400   0.2053E-14
 741  0.7410   0.2054E-14
 742  0.7420   0.2055E-14
 743  0.7430   0.2056E-14
 744  0.7440   0.2057E-14
 745  0.7450   0.2059E-14
 746  0.7460   0.2060E-14
 747  0.7470   0.2061E-14
 748  0.7480   0.2062E-14
 749  0.7490   0.2063E-14
 750  0.7500   0.2064E-14
 751  0.7510   0.2065E-14
 752  0.7520   0.2066E-14
 753  0.7530   0.2067E-14
 754  0.7540   0.2068E-14
 755  0.7550   0.2069E-14
 756  0.7560   0.2070E-14
 757  0.7570   0.2071E-14
 758  0.7580   0.2072E-14
 759  0.7590   0.2073E-14
 760  0.7600   0.2074E-14
 761  0.7610   0.2075E-14
 762  0.7620   0.2076E-14
 763  0.7630   0.2077E-14
 764  0.7640   0.2078E-14
 765  0.7650   0.2079E-14
 766  0.7660   0.2080E-14
 767  0.7670   0.2081E-14
 768  0.7680   0.2082E-14
 769  0.7690   0.2083E-14
 770  0.7700   0.2084E-14
 771  0.7710   0.2085E-14
 772  0.7720   0.2085E-14
 773  0.7730   0.2086E-14
 774  0.7740   0.2087E-14
 775  0.7750   0.2088E-14
 776  0.7760   0.2089E-14
 777  0.7770   0.2090E-14
 778  0.7780   0.2091E-14
 779  0.7790   0.2092E-14
 780  0.7800   0.2093E-14
 781  0.7810   0.2094E-14
 782  0.7820   0.2095E-14
 783  0.7830   0.2096E-14
 784  0.7840   0.2097E-14
 785  0.7850   0.2097E-14
 786  0.7860   0.2098E-14
 787  0.7870   0.2099E-14
 788  0.7880   0.2100E-14
 789  0.7890   0.2101E-14
 790  0.7900   0.2102E-14
 791  0.7910   0.2103E-14
 792  0.7920   0.2104E-14
 793  0.7930   0.2105E-14
 794  0.7940   0.2105E-14
 795  0.7950   0.2106E-14
 796  0.7960   0.2107E-14
 797  0.7970   0.2108E-14
 798  0.7980   0.2109E-14
 799  0.7990   0.2110E-14
 800  0.8000   0.2111E-14
 801  0.8010   0.2111E-14
 802  0.8020   0.2112E-14
 803  0.8030   0.2113E-14
 804  0.8040   0.2114E-14
 805  0.8050   0.2115E-14
 806  0.8060   0.2116E-14
 807  0.8070   0.2116E-14
 808  0.8080   0.2117E-14
 809  0.8090   0.2118E-14
 810  0.8100   0.2119E-14
 811  0.8110   0.2120E-14
 812  0.8120   0.2120E-14
 813  0.8130   0.2121E-14
 814  0.8140   0.2122E-14
 815  0.8150   0.2123E-14
 816  0.8160   0.2124E-14
 817  0.8170   0.2124E-14
 818  0.8180   0.2125E-14
 819  0.8190   0.2126E-14
 820  0.8200   0.2127E-14
 821  0.8210   0.2128E-14
 822  0.8220   0.2128E-14
 823  0.8230   0.2129E-14
 824  0.8240   0.2130E-14
 825  0.8250   0.2131E-14
 826  0.8260   0.2131E-14
 827  0.8270   0.2132E-14
 828  0.8280   0.2133E-14
 829  0.8290   0.2134E-14
 830  0.8300   0.2134E-14
 831  0.8310   0.2135E-14
 832  0.8320   0.2136E-14
 833  0.8330   0.2136E-14
 834  0.8340   0.2137E-14
 835  0.8350   0.2138E-14
 836  0.8360   0.2139E-14
 837  0.8370   0.2139E-14
 838  0.8380   0.2140E-14
 839  0.8390   0.2141E-14
 840  0.8400   0.2141E-14
 841  0.8410   0.2142E-14
 842  0.8420   0.2143E-14
 843  0.8430   0.2143E-14
 844  0.8440   0.2144E-14
 845  0.8450   0.2145E-14
 846  0.8460   0.2146E-14
 847  0.8470   0.2146E-14
 848  0.8480   0.2147E-14
 849  0.8490   0.2148E-14
 850  0.8500   0.2148E-14
 851  0.8510   0.2149E-14
 852  0.8520   0.2149E-14
 853  0.8530   0.2150E-14
 854  0.8540   0.2151E-14
 855  0.8550   0.2151E-14
 856  0.8560   0.2152E-14
 857  0.8570   0.2153E-14
 858  0.8580   0.2153E-14
 859  0.8590   0.2154E-14
 860  0.8600   0.2155E-14
 861  0.8610   0.2155E-14
 862  0.8620   0.2156E-14
 863  0.8630   0.2156E-14
 864  0.8640   0.2157E-14
 865  0.8650   0.2158E-14
 866  0.8660   0.2158E-14
 867  0.8670   0.2159E-14
 868  0.8680   0.2159E-14
 869  0.8690   0.2160E-14
 870  0.8700   0.2161E-14
 871  0.8710   0.2161E-14
 872  0.8720   0.2162E-14
 873  0.8730   0.2162E-14
 874  0.8740   0.2163E-14
 875  0.8750   0.2163E-14
 876  0.8760   0.2164E-14
 877  0.8770   0.2165E-14
 878  0.8780   0.2165E-14
 879  0.8790   0.2166E-14
 880  0.8800   0.2166E-14
 881  0.8810   0.2167E-14
 882  0.8820   0.2167E-14
 883  0.8830   0.2168E-14
 884  0.8840   0.2168E-14
 885  0.8850   0.2169E-14
 886  0.8860   0.2169E-14
 887  0.8870   0.2170E-14
 888  0.8880   0.2170E-14
 889  0.8890   0.2171E-14
 890  0.8900   0.2171E-14
 891  0.8910   0.2172E-14
 892  0.8920   0.2172E-14
 893  0.8930   0.2173E-14
 894  0.8940   0.2173E-14
 895  0.8950   0.2174E-14
 896  0.8960   0.2174E-14
 897  0.8970   0.2175E-14
 898  0.8980   0.2175E-14
 899  0.8990   0.2176E-14
 900  0.9000   0.2176E-14
 901  0.9010   0.2177E-14
 902  0.9020   0.2177E-14
 903  0.9030   0.2178E-14
 904  0.9040   0.2178E-14
 905  0.9050   0.2179E-14
 906  0.9060   0.2179E-14
 907  0.9070   0.2179E-14
 908  0.9080   0.2180E-14
 909  0.9090   0.2180E-14
 910  0.9100   0.2181E-14
 911  0.9110   0.2181E-14
 912  0.9120   0.2182E-14
 913  0.9130   0.2182E-14
 914  0.9140   0.2182E-14
 915  0.9150   0.2183E-14
 916  0.9160   0.2183E-14
 917  0.9170   0.2184E-14
 918  0.9180   0.2184E-14
 919  0.9190   0.2184E-14
 920  0.9200   0.2185E-14
 921  0.9210   0.2185E-14
 922  0.9220   0.2186E-14
 923  0.9230   0.2186E-14
 924  0.9240   0.2186E-14
 925  0.9250   0.2187E-14
 926  0.9260   0.2187E-14
 927  0.9270   0.2187E-14
 928  0.9280   0.2188E-14
 929  0.9290   0.2188E-14
 930  0.9300   0.2189E-14
 931  0.9310   0.2189E-14
 932  0.9320   0.2189E-14
 933  0.9330   0.2190E-14
 934  0.9340   0.2190E-14
 935  0.9350   0.2190E-14
 936  0.9360   0.2191E-14
 937  0.9370   0.2191E-14
 938  0.9380   0.2191E-14
 939  0.9390   0.2192E-14
 940  0.9400   0.2192E-14
 941  0.9410   0.2192E-14
 942  0.9420   0.2192E-14
 943  0.9430   0.2193E-14
 944  0.9440   0.2193E-14
 945  0.9450   0.2193E-14
 946  0.9460   0.2194E-14
 947  0.9470   0.2194E-14
 948  0.9480   0.2194E-14
 949  0.9490   0.2195E-14
 950  0.9500   0.2195E-14
 951  0.9510   0.2195E-14
 952  0.9520   0.2195E-14
 953  0.9530   0.2196E-14
 954  0.9540   0.2196E-14
 955  0.9550   0.2196E-14
 956  0.9560   0.2196E-14
 957  0.9570   0.2197E-14
 958  0.9580   0.2197E-14
 959  0.9590   0.2197E-14
 960  0.9600   0.2197E-14
 961  0.9610   0.2198E-14
 962  0.9620   0.2198E-14
 963  0.9630   0.2198E-14
 964  0.9640   0.2198E-14
 965  0.9650   0.2198E-14
 966  0.9660   0.2199E-14
 967  0.9670   0.2199E-14
 968  0.9680   0.2199E-14
 969  0.9690   0.2199E-14
 970  0.9700   0.2199E-14
 971  0.9710   0.2200E-14
 972  0.9720   0.2200E-14
 973  0.9730   0.2200E-14
 974  0.9740   0.2200E-14
 975  0.9750   0.2200E-14
 976  0.9760   0.2201E-14
 977  0.9770   0.2201E-14
 978  0.9780   0.2201E-14
 979  0.9790   0.2201E-14
 980  0.9800   0.2201E-14
 981  0.9810   0.2201E-14
 982  0.9820   0.2202E-14
 983  0.9830   0.2202E-14
 984  0.9840   0.2202E-14
 985  0.9850   0.2202E-14
 986  0.9860   0.2202E-14
 987  0.9870   0.2202E-14
 988  0.9880   0.2202E-14
 989  0.9890   0.2202E-14
 990  0.9900   0.2203E-14
 991  0.9910   0.2203E-14
 992  0.9920   0.2203E-14
 993  0.9930   0.2203E-14
 994  0.9940   0.2203E-14
 995  0.9950   0.2203E-14
 996  0.9960   0.2203E-14
 997  0.9970   0.2203E-14
 998  0.9980   0.2203E-14
 999  0.9990   0.2203E-14
1000  1.0000   0.2204E-14
1001  1.0010   0.2204E-14
1002  1.0020   0.2204E-14
1003  1.0030   0.2204E-14
1004  1.0040   0.2204E-14
1005  1.0050   0.2204E-14
1006  1.0060   0.2204E-14
1007  1.0070   0.2204E-14
1008  1.0080   0.2204E-14
1009  1.0090   0.2204E-14
1010  1.0100   0.2204E-14
1011  1.0110   0.2204E-14
1012  1.0120   0.2204E-14
1013  1.0130   0.2204E-14
1014  1.0140   0.2204E-14
1015  1.0150   0.2204E-14
1016  1.0160   0.2204E-14
1017  1.0170   0.2204E-14
1018  1.0180   0.2204E-14
1019  1.0190   0.2204E-14
1020  1.0200   0.2204E-14
1021  1.0210   0.2204E-14
1022  1.0220   0.2204E-14
1023  1.0230   0.2204E-14
1024  1.0240   0.2204E-14
1025  1.0250   0.2204E-14
1026  1.0260   0.2204E-14
1027  1.0270   0.2204E-14
1028  1.0280   0.2204E-14
1029  1.0290   0.2204E-14
1030  1.0300   0.2204E-14
1031  1.0310   0.2204E-14
1032  1.0320   0.2204E-14
1033  1.0330   0.2204E-14
1034  1.0340   0.2204E-14
1035  1.0350   0.2204E-14
1036  1.0360   0.2204E-14
1037  1.0370   0.2204E-14
1038  1.0380   0.2204E-14
1039  1.0390   0.2204E-14
1040  1.0400   0.2203E-14
1041  1.0410   0.2203E-14
1042  1.0420   0.2203E-14
1043  1.0430   0.2203E-14
1044  1.0440   0.2203E-14
1045  1.0450   0.2203E-14
1046  1.0460   0.2203E-14
1047  1.0470   0.2203E-14
1048  1.0480   0.2203E-14
1049  1.0490   0.2203E-14
1050  1.0500   0.2202E-14
1051  1.0510   0.2202E-14
1052  1.0520   0.2202E-14
1053  1.0530   0.2202E-14
1054  1.0540   0.2202E-14
1055  1.0550   0.2202E-14
1056  1.0560   0.2202E-14
1057  1.0570   0.2202E-14
1058  1.0580   0.2201E-14
1059  1.0590   0.2201E-14
1060  1.0600   0.2201E-14
1061  1.0610   0.2201E-14
1062  1.0620   0.2201E-14
1063  1.0630   0.2201E-14
1064  1.0640   0.2200E-14
1065  1.0650   0.2200E-14
1066  1.0660   0.2200E-14
1067  1.0670   0.2200E-14
1068  1.0680   0.2200E-14
1069  1.0690   0.2199E-14
1070  1.0700   0.2199E-14
1071  1.0710   0.2199E-14
1072  1.0720   0.2199E-14
1073  1.0730   0.2199E-14
1074  1.0740   0.2198E-14
1075  1.0750   0.2198E-14
1076  1.0760   0.2198E-14
1077  1.0770   0.2198E-14
1078  1.0780   0.2198E-14
1079  1.0790   0.2197E-14
1080  1.0800   0.2197E-14
1081  1.0810   0.2197E-14
1082  1.0820   0.2197E-14
1083  1.0830   0.2196E-14
1084  1.0840   0.2196E-14
1085  1.0850   0.2196E-14
1086  1.0860   0.2196E-14
1087  1.0870   0.2195E-14
1088  1.0880   0.2195E-14
1089  1.0890   0.2195E-14
1090  1.0900   0.2195E-14
1091  1.0910   0.2194E-14
1092  1.0920   0.2194E-14
1093  1.0930   0.2194E-14
1094  1.0940   0.2193E-14
1095  1.0950   0.2193E-14
1096  1.0960   0.2193E-14
1097  1.0970   0.2193E-14
1098  1.0980   0.2192E-14
1099  1.0990   0.2192E-14
1100  1.1000   0.2192E-14
1101  1.1010   0.2191E-14
1102  1.1020   0.2191E-14
1103  1.1030   0.2191E-14
1104  1.1040   0.2190E-14
1105  1.1050   0.2190E-14
1106  1.1060   0.2190E-14
1107  1.1070   0.2189E-14
1108  1.1080   0.2189E-14
1109  1.1090   0.2189E-14
1110  1.1100   0.2188E-14
1111  1.1110   0.2188E-14
1112  1.1120   0.2188E-14
1113  1.1130   0.2187E-14
1114  1.1140   0.2187E-14
1115  1.1150   0.2186E-14
1116  1.1160   0.2186E-14
1117  1.1170   0.2186E-14
1118  1.1180   0.2185E-14
1119  1.1190   0.2185E-14
1120  1.1200   0.2184E-14
1121  1.1210   0.2184E-14
1122  1.1220   0.2184E-14
1123  1.1230   0.2183E-14
1124  1.1240   0.2183E-14
1125  1.1250   0.2182E-14
1126  1.1260   0.2182E-14
1127  1.1270   0.2182E-14
1128  1.1280   0.2181E-14
1129  1.1290   0.2181E-14
1130  1.1300   0.2180E-14
1131  1.1310   0.2180E-14
1132  1.1320   0.2180E-14
1133  1.1330   0.2179E-14
1134  1.1340   0.2179E-14
1135  1.1350   0.2178E-14
1136  1.1360   0.2178E-14
1137  1.1370   0.2177E-14
1138  1.1380   0.2177E-14
1139  1.1390   0.2176E-14
1140  1.1400   0.2176E-14
1141  1.1410   0.2175E-14
1142  1.1420   0.2175E-14
1143  1.1430   0.2174E-14
1144  1.1440   0.2174E-14
1145  1.1450   0.2173E-14
1146  1.1460   0.2173E-14
1147  1.1470   0.2172E-14
1148  1.1480   0.2172E-14
1149  1.1490   0.2171E-14
1150  1.1500   0.2171E-14
1151  1.1510   0.2170E-14
1152  1.1520   0.2170E-14
1153  1.1530   0.2169E-14
1154  1.1540   0.2169E-14
1155  1.1550   0.2168E-14
1156  1.1560   0.2168E-14
1157  1.1570   0.2167E-14
1158  1.1580   0.2167E-14
1159  1.1590   0.2166E-14
1160  1.1600   0.2166E-14
1161  1.1610   0.2165E-14
1162  1.1620   0.2165E-14
1163  1.1630   0.2164E-14
1164  1.1640   0.2163E-14
1165  1.1650   0.2163E-14
1166  1.1660   0.2162E-14
1167  1.1670   0.2162E-14
1168  1.1680   0.2161E-14
1169  1.1690   0.2161E-14
1170  1.1700   0.2160E-14
1171  1.1710   0.2159E-14
1172  1.1720   0.2159E-14
1173  1.1730   0.2158E-14
1174  1.1740   0.2158E-14
1175  1.1750   0.2157E-14
1176  1.1760   0.2156E-14
1177  1.1770   0.2156E-14
1178  1.1780   0.2155E-14
1179  1.1790   0.2155E-14
1180  1.1800   0.2154E-14
1181  1.1810   0.2153E-14
1182  1.1820   0.2153E-14
1183  1.1830   0.2152E-14
1184  1.1840   0.2151E-14
1185  1.1850   0.2151E-14
1186  1.1860   0.2150E-14
1187  1.1870   0.2150E-14
1188  1.1880   0.2149E-14
1189  1.1890   0.2148E-14
1190  1.1900   0.2148E-14
1191  1.1910   0.2147E-14
1192  1.1920   0.2146E-14
1193  1.1930   0.2146E-14
1194  1.1940   0.2145E-14
1195  1.1950   0.2144E-14
1196  1.1960   0.2144E-14
1197  1.1970   0.2143E-14
1198  1.1980   0.2142E-14
1199  1.1990   0.2141E-14
1200  1.2000   0.2141E-14
1201  1.2010   0.2140E-14
1202  1.2020   0.2139E-14
1203  1.2030   0.2139E-14
1204  1.2040   0.2138E-14
1205  1.2050   0.2137E-14
1206  1.2060   0.2136E-14
1207  1.2070   0.2136E-14
1208  1.2080   0.2135E-14
1209  1.2090   0.2134E-14
1210  1.2100   0.2134E-14
1211  1.2110   0.2133E-14
1212  1.2120   0.2132E-14
1213  1.2130   0.2131E-14
1214  1.2140   0.2131E-14
1215  1.2150   0.2130E-14
1216  1.2160   0.2129E-14
1217  1.2170   0.2128E-14
1218  1.2180   0.2128E-14
1219  1.2190   0.2127E-14
1220  1.2200   0.2126E-14
1221  1.2210   0.2125E-14
1222  1.2220   0.2124E-14
1223  1.2230   0.2124E-14
1224  1.2240   0.2123E-14
1225  1.2250   0.2122E-14
1226  1.2260   0.2121E-14
1227  1.2270   0.2120E-14
1228  1.2280   0.2120E-14
1229  1.2290   0.2119E-14
1230  1.2300   0.2118E-14
1231  1.2310   0.2117E-14
1232  1.2320   0.2116E-14
1233  1.2330   0.2116E-14
1234  1.2340   0.2115E-14
1235  1.2350   0.2114E-14
1236  1.2360   0.2113E-14
1237  1.2370   0.2112E-14
1238  1.2380   0.2111E-14
1239  1.2390   0.2111E-14
1240  1.2400   0.2110E-14
1241  1.2410   0.2109E-14
1242  1.2420   0.2108E-14
1243  1.2430   0.2107E-14
1244  1.2440   0.2106E-14
1245  1.2450   0.2105E-14
1246  1.2460   0.2105E-14
1247  1.2470   0.2104E-14
1248  1.2480   0.2103E-14
1249  1.2490   0.2102E-14
1250  1.2500   0.2101E-14
1251  1.2510   0.2100E-14
1252  1.2520   0.2099E-14
1253  1.2530   0.2098E-14
1254  1.2540   0.2098E-14
1255  1.2550   0.2097E-14
1256  1.2560   0.2096E-14
1257  1.2570   0.2095E-14
1258  1.2580   0.2094E-14
1259  1.2590   0.2093E-14
1260  1.2600   0.2092E-14
1261  1.2610   0.2091E-14
1262  1.2620   0.2090E-14
1263  1.2630   0.2089E-14
1264  1.2640   0.2088E-14
1265  1.2650   0.2087E-14
1266  1.2660   0.2086E-14
1267  1.2670   0.2085E-14
1268  1.2680   0.2085E-14
1269  1.2690   0.2084E-14
1270  1.2700   0.2083E-14
1271  1.2710   0.2082E-14
1272  1.2720   0.2081E-14
1273  1.2730   0.2080E-14
1274  1.2740   0.2079E-14
1275  1.2750   0.2078E-14
1276  1.2760   0.2077E-14
1277  1.2770   0.2076E-14
1278  1.2780   0.2075E-14
1279  1.2790   0.2074E-14
1280  1.2800   0.2073E-14
1281  1.2810   0.2072E-14
1282  1.2820   0.2071E-14
1283  1.2830   0.2070E-14
1284  1.2840   0.2069E-14
1285  1.2850   0.2068E-14
1286  1.2860   0.2067E-14
1287  1.2870   0.2066E-14
1288  1.2880   0.2065E-14
1289  1.2890   0.2064E-14
1290  1.2900   0.2063E-14
1291  1.2910   0.2062E-14
1292  1.2920   0.2061E-14
1293  1.2930   0.2060E-14
1294  1.2940   0.2059E-14
1295  1.2950   0.2058E-14
1296  1.2960   0.2056E-14
1297  1.2970   0.2055E-14
1298  1.2980   0.2054E-14
1299  1.2990   0.2053E-14
1300  1.3000   0.2052E-14
1301  1.3010   0.2051E-14
1302  1.3020   0.2050E-14
1303  1.3030   0.2049E-14
1304  1.3040   0.2048E-14
1305  1.3050   0.2047E-14
1306  1.3060   0.2046E-14
1307  1.3070   0.2045E-14
1308  1.3080   0.2044E-14
1309  1.3090   0.2042E-14
1310  1.3100   0.2041E-14
1311  1.3110   0.2040E-14
1312  1.3120   0.2039E-14
1313  1.3130   0.2038E-14
1314  1.3140   0.2037E-14
1315  1.3150   0.2036E-14
1316  1.3160   0.2035E-14
1317  1.3170   0.2034E-14
1318  1.3180   0.2032E-14
1319  1.3190   0.2031E-14
1320  1.3200   0.2030E-14
1321  1.3210   0.2029E-14
1322  1.3220   0.2028E-14
1323  1.3230   0.2027E-14
1324  1.3240   0.2026E-14
1325  1.3250   0.2024E-14
1326  1.3260   0.2023E-14
1327  1.3270   0.2022E-14
1328  1.3280   0.2021E-14
1329  1.3290   0.2020E-14
1330  1.3300   0.2019E-14
1331  1.3310   0.2017E-14
1332  1.3320   0.2016E-14
1333  1.3330   0.2015E-14
1334  1.3340   0.2014E-14
1335  1.3350   0.2013E-14
1336  1.3360   0.2012E-14
1337  1.3370   0.2010E-14
1338  1.3380   0.2009E-14
1339  1.3390   0.2008E-14
1340  1.3400   0.2007E-14
1341  1.3410   0.2006E-14
1342  1.3420   0.2004E-14
1343  1.3430   0.2003E-14
1344  1.3440   0.2002E-14
1345  1.3450   0.2001E-14
1346  1.3460   0.1999E-14
1347  1.3470   0.1998E-14
1348  1.3480   0.1997E-14
1349  1.3490   0.1996E-14
1350  1.3500   0.1994E-14
1351  1.3510   0.1993E-14
1352  1.3520   0.1992E-14
1353  1.3530   0.1991E-14
1354  1.3540   0.1989E-14
1355  1.3550   0.1988E-14
1356  1.3560   0.1987E-14
1357  1.3570   0.1986E-14
1358  1.3580   0.1984E-14
1359  1.3590   0.1983E-14
1360  1.3600   0.1982E-14
1361  1.3610   0.1981E-14
1362  1.3620   0.1979E-14
1363  1.3630   0.1978E-14
1364  1.3640   0.1977E-14
1365  1.3650   0.1975E-14
1366  1.3660   0.1974E-14
1367  1.3670   0.1973E-14
1368  1.3680   0.1972E-14
1369  1.3690   0.1970E-14
1370  1.3700   0.1969E-14
1371  1.3710   0.1968E-14
1372  1.3720   0.1966E-14
1373  1.3730   0.1965E-14
1374  1.3740   0.1964E-14
1375  1.3750   0.1962E-14
1376  1.3760   0.1961E-14
1377  1.3770   0.1960E-14
1378  1.3780   0.1958E-14
1379  1.3790   0.1957E-14
1380  1.3800   0.1956E-14
1381  1.3810   0.1954E-14
1382  1.3820   0.1953E-14
1383  1.3830   0.1952E-14
1384  1.3840   0.1950E-14
1385  1.3850   0.1949E-14
1386  1.3860   0.1948E-14
1387  1.3870   0.1946E-14
1388  1.3880   0.1945E-14
1389  1.3890   0.1943E-14
1390  1.3900   0.1942E-14
1391  1.3910   0.1941E-14
1392  1.3920   0.1939E-14
1393  1.3930   0.1938E-14
1394  1.3940   0.1937E-14
1395  1.3950   0.1935E-14
1396  1.3960   0.1934E-14
1397  1.3970   0.1932E-14
1398  1.3980   0.1931E-14
1399  1.3990   0.1930E-14
1400  1.4000   0.1928E-14
1401  1.4010   0.1927E-14
1402  1.4020   0.1925E-14
1403  1.4030   0.1924E-14
1404  1.4040   0.1922E-14
1405  1.4050   0.1921E-14
1406  1.4060   0.1920E-14
1407  1.4070   0.1918E-14
1408  1.4080   0.1917E-14
1409  1.4090   0.1915E-14
1410  1.4100   0.1914E-14
1411  1.4110   0.1912E-14
1412  1.4120   0.1911E-14
1413  1.4130   0.1910E-14
1414  1.4140   0.1908E-14
1415  1.4150   0.1907E-14
1416  1.4160   0.1905E-14
1417  1.4170   0.1904E-14
1418  1.4180   0.1902E-14
1419  1.4190   0.1901E-14
1420  1.4200   0.1899E-14
1421  1.4210   0.1898E-14
1422  1.4220   0.1896E-14
1423  1.4230   0.1895E-14
1424  1.4240   0.1893E-14
1425  1.4250   0.1892E-14
1426  1.4260   0.1890E-14
1427  1.4270   0.1889E-14
1428  1.4280   0.1887E-14
1429  1.4290   0.1886E-14
1430  1.4300   0.1884E-14
1431  1.4310   0.1883E-14
1432  1.4320   0.1881E-14
1433  1.4330   0.1880E-14
1434  1.4340   0.1878E-14
1435  1.4350   0.1877E-14
1436  1.4360   0.1875E-14
1437  1.4370   0.1874E-14
1438  1.4380   0.1872E-14
1439  1.4390   0.1871E-14
1440  1.4400   0.1869E-14
1441  1.4410   0.1868E-14
1442  1.4420   0.1866E-14
1443  1.4430   0.1865E-14
1444  1.4440   0.1863E-14
1445  1.4450   0.1861E-14
1446  1.4460   0.1860E-14
1447  1.4470   0.1858E-14
1448  1.4480   0.1857E-14
1449  1.4490   0.1855E-14
1450  1.4500   0.1854E-14
1451  1.4510   0.1852E-14
1452  1.4520   0.1851E-14
1453  1.4530   0.1849E-14
1454  1.4540   0.1847E-14
1455  1.4550   0.1846E-14
1456  1.4560   0.1844E-14
1457  1.4570   0.1843E-14
1458  1.4580   0.1841E-14
1459  1.4590   0.1839E-14
1460  1.4600   0.1838E-14
1461  1.4610   0.1836E-14
1462  1.4620   0.1835E-14
1463  1.4630   0.1833E-14
1464  1.4640   0.1831E-14
1465  1.4650   0.1830E-14
1466  1.4660   0.1828E-14
1467  1.4670   0.1827E-14
1468  1.4680   0.1825E-14
1469  1.4690   0.1823E-14
1470  1.4700   0.1822E-14
1471  1.4710   0.1820E-14
1472  1.4720   0.1818E-14
1473  1.4730   0.1817E-14
1474  1.4740   0.1815E-14
1475  1.4750   0.1813E-14
1476  1.4760   0.1812E-14
1477  1.4770   0.1810E-14
1478  1.4780   0.1809E-14
1479  1.4790   0.1807E-14
1480  1.4800   0.1805E-14
1481  1.4810   0.1804E-14
1482  1.4820   0.1802E-14
1483  1.4830   0.1800E-14
1484  1.4840   0.1799E-14
1485  1.4850   0.1797E-14
1486  1.4860   0.1795E-14
1487  1.4870   0.1794E-14
1488  1.4880   0.1792E-14
1489  1.4890   0.1790E-14
1490  1.4900   0.1788E-14
1491  1.4910   0.1787E-14
1492  1.4920   0.1785E-14
1493  1.4930   0.1783E-14
1494  1.4940   0.1782E-14
1495  1.4950   0.1780E-14
1496  1.4960   0.1778E-14
1497  1.4970   0.1777E-14
1498  1.4980   0.1775E-14
1499  1.4990   0.1773E-14
1500  1.5000   0.1771E-14
1501  1.5010   0.1770E-14
1502  1.5020   0.1768E-14
1503  1.5030   0.1766E-14
1504  1.5040   0.1765E-14
1505  1.5050   0.1763E-14
1506  1.5060   0.1761E-14
1507  1.5070   0.1759E-14
1508  1.5080   0.1758E-14
1509  1.5090   0.1756E-14
1510  1.5100   0.1754E-14
1511  1.5110   0.1752E-14
1512  1.5120   0.1751E-14
1513  1.5130   0.1749E-14
1514  1.5140   0.1747E-14
1515  1.5150   0.1745E-14
1516  1.5160   0.1744E-14
1517  1.5170   0.1742E-14
1518  1.5180   0.1740E-14
1519  1.5190   0.1738E-14
1520  1.5200   0.1737E-14
1521  1.5210   0.1735E-14
1522  1.5220   0.1733E-14
1523  1.5230   0.1731E-14
1524  1.5240   0.1729E-14
1525  1.5250   0.1728E-14
1526  1.5260   0.1726E-14
1527  1.5270   0.1724E-14
1528  1.5280   0.1722E-14
1529  1.5290   0.1720E-14
1530  1.5300   0.1719E-14
1531  1.5310   0.1717E-14
1532  1.5320   0.1715E-14
1533  1.5330   0.1713E-14
1534  1.5340   0.1711E-14
1535  1.5350   0.1710E-14
1536  1.5360   0.1708E-14
1537  1.5370   0.1706E-14
1538  1.5380   0.1704E-14
1539  1.5390   0.1702E-14
1540  1.5400   0.1701E-14
1541  1.5410   0.1699E-14
1542  1.5420   0.1697E-14
1543  1.5430   0.1695E-14
1544  1.5440   0.1693E-14
1545  1.5450   0.1691E-14
1546  1.5460   0.1690E-14
1547  1.5470   0.1688E-14
1548  1.5480   0.1686E-14
1549  1.5490   0.1684E-14
1550  1.5500   0.1682E-14
1551  1.5510   0.1680E-14
1552  1.5520   0.1678E-14
1553  1.5530   0.1677E-14
1554  1.5540   0.1675E-14
1555  1.5550   0.1673E-14
1556  1.5560   0.1671E-14
1557  1.5570   0.1669E-14
1558  1.5580   0.1667E-14
1559  1.5590   0.1665E-14
1560  1.5600   0.1663E-14
1561  1.5610   0.1662E-14
1562  1.5620   0.1660E-14
1563  1.5630   0.1658E-14
1564  1.5640   0.1656E-14
1565  1.5650   0.1654E-14
1566  1.5660   0.1652E-14
1567  1.5670   0.1650E-14
1568  1.5680   0.1648E-14
1569  1.5690   0.1646E-14
1570  1.5700   0.1644E-14
1571  1.5710   0.1643E-14
1572  1.5720   0.1641E-14
1573  1.5730   0.1639E-14
1574  1.5740   0.1637E-14
1575  1.5750   0.1635E-14
1576  1.5760   0.1633E-14
1577  1.5770   0.1631E-14
1578  1.5780   0.1629E-14
1579  1.5790   0.1627E-14
1580  1.5800   0.1625E-14
1581  1.5810   0.1623E-14
1582  1.5820   0.1621E-14
1583  1.5830   0.1619E-14
1584  1.5840   0.1618E-14
1585  1.5850   0.1616E-14
1586  1.5860   0.1614E-14
1587  1.5870   0.1612E-14
1588  1.5880   0.1610E-14
1589  1.5890   0.1608E-14
1590  1.5900   0.1606E-14
1591  1.5910   0.1604E-14
1592  1.5920   0.1602E-14
1593  1.5930   0.1600E-14
1594  1.5940   0.1598E-14
1595  1.5950   0.1596E-14
1596  1.5960   0.1594E-14
1597  1.5970   0.1592E-14
1598  1.5980   0.1590E-14
1599  1.5990   0.1588E-14
1600  1.6000   0.1586E-14
1601  1.6010   0.1584E-14
1602  1.6020   0.1582E-14
1603  1.6030   0.1580E-14
1604  1.6040   0.1578E-14
1605  1.6050   0.1576E-14
1606  1.6060   0.1574E-14
1607  1.6070   0.1572E-14
1608  1.6080   0.1570E-14
1609  1.6090   0.1568E-14
1610  1.6100   0.1566E-14
1611  1.6110   0.1564E-14
1612  1.6120   0.1562E-14
1613  1.6130   0.1560E-14
1614  1.6140   0.1558E-14
1615  1.6150   0.1556E-14
1616  1.6160   0.1554E-14
1617  1.6170   0.1552E-14
1618  1.6180   0.1550E-14
1619  1.6190   0.1548E-14
1620  1.6200   0.1546E-14
1621  1.6210   0.1544E-14
1622  1.6220   0.1542E-14
1623  1.6230   0.1540E-14
1624  1.6240   0.1538E-14
1625  1.6250   0.1536E-14
1626  1.6260   0.1534E-14
1627  1.6270   0.1532E-14
1628  1.6280   0.1530E-14
1629  1.6290   0.1528E-14
1630  1.6300   0.1526E-14
1631  1.6310   0.1524E-14
1632  1.6320   0.1522E-14
1633  1.6330   0.1520E-14
1634  1.6340   0.1517E-14
1635  1.6350   0.1515E-14
1636  1.6360   0.1513E-14
1637  1.6370   0.1511E-14
1638  1.6380   0.1509E-14
1639  1.6390   0.1507E-14
1640  1.6400   0.1505E-14
1641  1.6410   0.1503E-14
1642  1.6420   0.1501E-14
1643  1.6430   0.1499E-14
1644  1.6440   0.1497E-14
1645  1.6450   0.1495E-14
1646  1.6460   0.1493E-14
1647  1.6470   0.1490E-14
1648  1.6480   0.1488E-14
1649  1.6490   0.1486E-14
1650  1.6500   0.1484E-14
1651  1.6510   0.1482E-14
1652  1.6520   0.1480E-14
1653  1.6530   0.1478E-14
1654  1.6540   0.1476E-14
1655  1.6550   0.1474E-14
1656  1.6560   0.1472E-14
1657  1.6570   0.1470E-14
1658  1.6580   0.1467E-14
1659  1.6590   0.1465E-14
1660  1.6600   0.1463E-14
1661  1.6610   0.1461E-14
1662  1.6620   0.1459E-14
1663  1.6630   0.1457E-14
1664  1.6640   0.1455E-14
1665  1.6650   0.1453E-14
1666  1.6660   0.1450E-14
1667  1.6670   0.1448E-14
1668  1.6680   0.1446E-14
1669  1.6690   0.1444E-14
1670  1.6700   0.1442E-14
1671  1.6710   0.1440E-14
1672  1.6720   0.1438E-14
1673  1.6730   0.1436E-14
1674  1.6740   0.1433E-14
1675  1.6750   0.1431E-14
1676  1.6760   0.1429E-14
1677  1.6770   0.1427E-14
1678  1.6780   0.1425E-14
1679  1.6790   0.1423E-14
1680  1.6800   0.1420E-14
1681  1.6810   0.1418E-14
1682  1.6820   0.1416E-14
1683  1.6830   0.1414E-14
1684  1.6840   0.1412E-14
1685  1.6850   0.1410E-14
1686  1.6860   0.1408E-14
1687  1.6870   0.1405E-14
1688  1.6880   0.1403E-14
1689  1.6890   0.1401E-14
1690  1.6900   0.1399E-14
1691  1.6910   0.1397E-14
1692  1.6920   0.1394E-14
1693  1.6930   0.1392E-14
1694  1.6940   0.1390E-14
1695  1.6950   0.1388E-14
1696  1.6960   0.1386E-14
1697  1.6970   0.1384E-14
1698  1.6980   0.1381E-14
1699  1.6990   0.1379E-14
1700  1.7000   0.1377E-14
1701  1.7010   0.1375E-14
1702  1.7020   0.1373E-14
1703  1.7030   0.1370E-14
1704  1.7040   0.1368E-14
1705  1.7050   0.1366E-14
1706  1.7060   0.1364E-14
1707  1.7070   0.1362E-14
1708  1.7080   0.1359E-14
1709  1.7090   0.1357E-14
1710  1.7100   0.1355E-14
1711  1.7110   0.1353E-14
1712  1.7120   0.1351E-14
1713  1.7130   0.1348E-14
1714  1.7140   0.1346E-14
1715  1.7150   0.1344E-14
1716  1.7160   0.1342E-14
1717  1.7170   0.1339E-14
1718  1.7180   0.1337E-14
1719  1.7190   0.1335E-14
1720  1.7200   0.1333E-14
1721  1.7210   0.1331E-14
1722  1.7220   0.1328E-14
1723  1.7230   0.1326E-14
1724  1.7240   0.1324E-14
1725  1.7250   0.1322E-14
1726  1.7260   0.1319E-14
1727  1.7270   0.1317E-14
1728  1.7280   0.1315E-14
1729  1.7290   0.1313E-14
1730  1.7300   0.1310E-14
1731  1.7310   0.1308E-14
1732  1.7320   0.1306E-14
1733  1.7330   0.1304E-14
1734  1.7340   0.1301E-14
1735  1.7350   0.1299E-14
1736  1.7360   0.1297E-14
1737  1.7370   0.1295E-14
1738  1.7380   0.1292E-14
1739  1.7390   0.1290E-14
1740  1.7400   0.1288E-14
1741  1.7410   0.1286E-14
1742  1.7420   0.1283E-14
1743  1.7430   0.1281E-14
1744  1.7440   0.1279E-14
1745  1.7450   0.1277E-14
1746  1.7460   0.1274E-14
1747  1.7470   0.1272E-14
1748  1.7480   0.1270E-14
1749  1.7490   0.1268E-14
1750  1.7500   0.1265E-14
1751  1.7510   0.1263E-14
1752  1.7520   0.1261E-14
1753  1.7530   0.1258E-14
1754  1.7540   0.1256E-14
1755  1.7550   0.1254E-14
1756  1.7560   0.1252E-14
1757  1.7570   0.1249E-14
1758  1.7580   0.1247E-14
1759  1.7590   0.1245E-14
1760  1.7600   0.1242E-14
1761  1.7610   0.1240E-14
1762  1.7620   0.1238E-14
1763  1.7630   0.1236E-14
1764  1.7640   0.1233E-14
1765  1.7650   0.1231E-14
1766  1.7660   0.1229E-14
1767  1.7670   0.1226E-14
1768  1.7680   0.1224E-14
1769  1.7690   0.1222E-14
1770  1.7700   0.1219E-14
1771  1.7710   0.1217E-14
1772  1.7720   0.1215E-14
1773  1.7730   0.1213E-14
1774  1.7740   0.1210E-14
1775  1.7750   0.1208E-14
1776  1.7760   0.1206E-14
1777  1.7770   0.1203E-14
1778  1.7780   0.1201E-14
1779  1.7790   0.1199E-14
1780  1.7800   0.1196E-14
1781  1.7810   0.1194E-14
1782  1.7820   0.1192E-14
1783  1.7830   0.1189E-14
1784  1.7840   0.1187E-14
1785  1.7850   0.1185E-14
1786  1.7860   0.1182E-14
1787  1.7870   0.1180E-14
1788  1.7880   0.1178E-14
1789  1.7890   0.1175E-14
1790  1.7900   0.1173E-14
1791  1.7910   0.1171E-14
1792  1.7920   0.1168E-14
1793  1.7930   0.1166E-14
1794  1.7940   0.1164E-14
1795  1.7950   0.1161E-14
1796  1.7960   0.1159E-14
1797  1.7970   0.1157E-14
1798  1.7980   0.1154E-14
1799  1.7990   0.1152E-14
1800  1.8000   0.1150E-14
1801  1.8010   0.1147E-14
1802  1.8020   0.1145E-14
1803  1.8030   0.1143E-14
1804  1.8040   0.1140E-14
1805  1.8050   0.1138E-14
1806  1.8060   0.1136E-14
1807  1.8070   0.1133E-14
1808  1.8080   0.1131E-14
1809  1.8090   0.1129E-14
1810  1.8100   0.1126E-14
1811  1.8110   0.1124E-14
1812  1.8120   0.1122E-14
1813  1.8130   0.1119E-14
1814  1.8140   0.1117E-14
1815  1.8150   0.1115E-14
1816  1.8160   0.1112E-14
1817  1.8170   0.1110E-14
1818  1.8180   0.1107E-14
1819  1.8190   0.1105E-14
1820  1.8200   0.1103E-14
1821  1.8210   0.1100E-14
1822  1.8220   0.1098E-14
1823  1.8230   0.1096E-14
1824  1.8240   0.1093E-14
1825  1.8250   0.1091E-14
1826  1.8260   0.1089E-14
1827  1.8270   0.1086E-14
1828  1.8280   0.1084E-14
1829  1.8290   0.1081E-14
1830  1.8300   0.1079E-14
1831  1.8310   0.1077E-14
1832  1.8320   0.1074E-14
1833  1.8330   0.1072E-14
1834  1.8340   0.1070E-14
1835  1.8350   0.1067E-14
1836  1.8360   0.1065E-14
1837  1.8370   0.1062E-14
1838  1.8380   0.1060E-14
1839  1.8390   0.1058E-14
1840  1.8400   0.1055E-14
1841  1.8410   0.1053E-14
1842  1.8420   0.1051E-14
1843  1.8430   0.1048E-14
1844  1.8440   0.1046E-14
1845  1.8450   0.1043E-14
1846  1.8460   0.1041E-14
1847  1.8470   0.1039E-14
1848  1.8480   0.1036E-14
1849  1.8490   0.1034E-14
1850  1.8500   0.1031E-14
1851  1.8510   0.1029E-14
1852  1.8520   0.1027E-14
1853  1.8530   0.1024E-14
1854  1.8540   0.1022E-14
1855  1.8550   0.1019E-14
1856  1.8560   0.1017E-14
1857  1.8570   0.1015E-14
1858  1.8580   0.1012E-14
1859  1.8590   0.1010E-14
1860  1.8600   0.1008E-14
1861  1.8610   0.1005E-14
1862  1.8620   0.1003E-14
1863  1.8630   0.1000E-14
1864  1.8640   0.9979E-15
1865  1.8650   0.9956E-15
1866  1.8660   0.9932E-15
1867  1.8670   0.9908E-15
1868  1.8680   0.9884E-15
1869  1.8690   0.9860E-15
1870  1.8700   0.9836E-15
1871  1.8710   0.9812E-15
1872  1.8720   0.9788E-15
1873  1.8730   0.9764E-15
1874  1.8740   0.9740E-15
1875  1.8750   0.9715E-15
1876  1.8760   0.9691E-15
1877  1.8770   0.9667E-15
1878  1.8780   0.9643E-15
1879  1.8790   0.9619E-15
1880  1.8800   0.9595E-15
1881  1.8810   0.9571E-15
1882  1.8820   0.9547E-15
1883  1.8830   0.9523E-15
1884  1.8840   0.9499E-15
1885  1.8850   0.9475E-15
1886  1.8860   0.9451E-15
1887  1.8870   0.9427E-15
1888  1.8880   0.9403E-15
1889  1.8890   0.9379E-15
1890  1.8900   0.9355E-15
1891  1.8910   0.9331E-15
1892  1.8920   0.9306E-15
1893  1.8930   0.9282E-15
1894  1.8940   0.9258E-15
1895  1.8950   0.9234E-15
1896  1.8960   0.9210E-15
1897  1.8970   0.9186E-15
1898  1.8980   0.9162E-15
1899  1.8990   0.9138E-15
1900  1.9000   0.9114E-15
1901  1.9010   0.9090E-15
1902  1.9020   0.9065E-15
1903  1.9030   0.9041E-15
1904  1.9040   0.9017E-15
1905  1.9050   0.8993E-15
1906  1.9060   0.8969E-15
1907  1.9070   0.8945E-15
1908  1.9080   0.8921E-15
1909  1.9090   0.8897E-15
1910  1.9100   0.8873E-15
1911  1.9110   0.8849E-15
1912  1.9120   0.8824E-15
1913  1.9130   0.8800E-15
1914  1.9140   0.8776E-15
1915  1.9150   0.8752E-15
1916  1.9160   0.8728E-15
1917  1.9170   0.8704E-15
1918  1.9180   0.8680E-15
1919  1.9190   0.8656E-15
1920  1.9200   0.8632E-15
1921  1.9210   0.8608E-15
1922  1.9220   0.8584E-15
1923  1.9230   0.8559E-15
1924  1.9240   0.8535E-15
1925  1.9250   0.8511E-15
1926  1.9260   0.8487E-15
1927  1.9270   0.8463E-15
1928  1.9280   0.8439E-15
1929  1.9290   0.8415E-15
1930  1.9300   0.8391E-15
1931  1.9310   0.8367E-15
1932  1.9320   0.8343E-15
1933  1.9330   0.8319E-15
1934  1.9340   0.8295E-15
1935  1.9350   0.8271E-15
1936  1.9360   0.8247E-15
1937  1.9370   0.8223E-15
1938  1.9380   0.8199E-15
1939  1.9390   0.8175E-15
1940  1.9400   0.8151E-15
1941  1.9410   0.8127E-15
1942  1.9420   0.8103E-15
1943  1.9430   0.8079E-15
1944  1.9440   0.8055E-15
1945  1.9450   0.8032E-15
1946  1.9460   0.8008E-15
1947  1.9470   0.7984E-15
1948  1.9480   0.7960E-15
1949  1.9490   0.7936E-15
1950  1.9500   0.7912E-15
1951  1.9510   0.7888E-15
1952  1.9520   0.7865E-15
1953  1.9530   0.7841E-15
1954  1.9540   0.7817E-15
1955  1.9550   0.7793E-15
1956  1.9560   0.7770E-15
1957  1.9570   0.7746E-15
1958  1.9580   0.7722E-15
1959  1.9590   0.7699E-15
1960  1.9600   0.7675E-15
1961  1.9610   0.7651E-15
1962  1.9620   0.7628E-15
1963  1.9630   0.7604E-15
1964  1.9640   0.7581E-15
1965  1.9650   0.7557E-15
1966  1.9660   0.7534E-15
1967  1.9670   0.7510E-15
1968  1.9680   0.7487E-15
1969  1.9690   0.7463E-15
1970  1.9700   0.7440E-15
1971  1.9710   0.7417E-15
1972  1.9720   0.7393E-15
1973  1.9730   0.7370E-15
1974  1.9740   0.7347E-15
1975  1.9750   0.7324E-15
1976  1.9760   0.7301E-15
1977  1.9770   0.7278E-15
1978  1.9780   0.7254E-15
1979  1.9790   0.7232E-15
1980  1.9800   0.7209E-15
1981  1.9810   0.7186E-15
1982  1.9820   0.7163E-15
1983  1.9830   0.7140E-15
1984  1.9840   0.7117E-15
1985  1.9850   0.7094E-15
1986  1.9860   0.7072E-15
1987  1.9870   0.7049E-15
1988  1.9880   0.7026E-15
1989  1.9890   0.7004E-15
1990  1.9900   0.6982E-15
1991  1.9910   0.6959E-15
1992  1.9920   0.6938E-15
1993  1.9930   0.6915E-15
1994  1.9940   0.6892E-15
1995  1.9950   0.6872E-15
1996  1.9960   0.6849E-15
1997  1.9970   0.6826E-15
1998  1.9980   0.6807E-15
1999  1.9990   0.6783E-15
2000  2.0000   0.6762E-15
2001  2.0010   0.6743E-15
2002  2.0020   0.6718E-15
2003  2.0030   0.6699E-15
2004  2.0040   0.6679E-15
2005  2.0050   0.6654E-15
2006  2.0060   0.6639E-15
2007  2.0070   0.6614E-15
2008  2.0080   0.6595E-15
2009  2.0090   0.6576E-15
2010  2.0100   0.6552E-15
2011  2.0110   0.6540E-15
2012  2.0120   0.6510E-15
2013  2.0130   0.6498E-15
2014  2.0140   0.6475E-15
2015  2.0150   0.6458E-15
2016  2.0160   0.6439E-15
2017  2.0170   0.6414E-15
2018  2.0180   0.6403E-15
2019  2.0190   0.6378E-15
2020  2.0200   0.6371E-15
2021  2.0210   0.6343E-15
2022  2.0220   0.6335E-15
2023  2.0230   0.6310E-15
2024  2.0240   0.6293E-15
2025  2.0250   0.6283E-15
2026  2.0260   0.6250E-15
2027  2.0270   0.6260E-15
2028  2.0280   0.6224E-15
2029  2.0290   0.6206E-15
2030  2.0300   0.6208E-15
2031  2.0310   0.6172E-15
2032  2.0320   0.6146E-15
2033  2.0330   0.6127E-15
2034  2.0340   0.6148E-15
2035  2.0350   0.6131E-15
2036  2.0360   0.6092E-15
2037  2.0370   0.6026E-15
2038  2.0380   0.6204E-15
2039  2.0390   0.4802E-15