   1  0.0010  -0.2197
   2  0.0020  -0.2276
   3  0.0030  -0.2358
   4  0.0040  -0.2431
   5  0.0050  -0.2504
   6  0.0060  -0.2574
   7  0.0070  -0.2637
   8  0.0080  -0.2696
   9  0.0090  -0.2764
  10  0.0100  -0.2830
  11  0.0110  -0.2882
  12  0.0120  -0.2941
  13  0.0130  -0.3002
  14  0.0140  -0.3050
  15  0.0150  -0.3111
  16  0.0160  -0.3158
  17  0.0170  -0.3214
  18  0.0180  -0.3262
  19  0.0190  -0.3314
  20  0.0200  -0.3361
  21  0.0210  -0.3410
  22  0.0220  -0.3455
  23  0.0230  -0.3502
  24  0.0240  -0.3543
  25  0.0250  -0.3592
  26  0.0260  -0.3631
  27  0.0270  -0.3678
  28  0.0280  -0.3716
  29  0.0290  -0.3759
  30  0.0300  -0.3800
  31  0.0310  -0.3837
  32  0.0320  -0.3879
  33  0.0330  -0.3915
  34  0.0340  -0.3955
  35  0.0350  -0.3992
  36  0.0360  -0.4028
  37  0.0370  -0.4066
  38  0.0380  -0.4100
  39  0.0390  -0.4136
  40  0.0400  -0.4171
  41  0.0410  -0.4204
  42  0.0420  -0.4239
  43  0.0430  -0.4272
  44  0.0440  -0.4304
  45  0.0450  -0.4338
  46  0.0460  -0.4369
  47  0.0470  -0.4401
  48  0.0480  -0.4432
  49  0.0490  -0.4463
  50  0.0500  -0.4493
  51  0.0510  -0.4524
  52  0.0520  -0.4554
  53  0.0530  -0.4583
  54  0.0540  -0.4612
  55  0.0550  -0.4641
  56  0.0560  -0.4669
  57  0.0570  -0.4697
  58  0.0580  -0.4725
  59  0.0590  -0.4752
  60  0.0600  -0.4780
  61  0.0610  -0.4807
  62  0.0620  -0.4833
  63  0.0630  -0.4859
  64  0.0640  -0.4885
  65  0.0650  -0.4911
  66  0.0660  -0.4937
  67  0.0670  -0.4962
  68  0.0680  -0.4987
  69  0.0690  -0.5011
  70  0.0700  -0.5036
  71  0.0710  -0.5060
  72  0.0720  -0.5084
  73  0.0730  -0.5108
  74  0.0740  -0.5131
  75  0.0750  -0.5154
  76  0.0760  -0.5177
  77  0.0770  -0.5200
  78  0.0780  -0.5223
  79  0.0790  -0.5245
  80  0.0800  -0.5267
  81  0.0810  -0.5289
  82  0.0820  -0.5311
  83  0.0830  -0.5333
  84  0.0840  -0.5354
  85  0.0850  -0.5375
  86  0.0860  -0.5396
  87  0.0870  -0.5417
  88  0.0880  -0.5438
  89  0.0890  -0.5458
  90  0.0900  -0.5478
  91  0.0910  -0.5498
  92  0.0920  -0.5518
  93  0.0930  -0.5538
  94  0.0940  -0.5557
  95  0.0950  -0.5577
  96  0.0960  -0.5596
  97  0.0970  -0.5615
  98  0.0980  -0.5634
  99  0.0990  -0.5653
 100  0.1000  -0.5671
 101  0.1010  -0.5690
 102  0.1020  -0.5708
 103  0.1030  -0.5726
 104  0.1040  -0.5744
 105  0.1050  -0.5762
 106  0.1060  -0.5779
 107  0.1070  -0.5797
 108  0.1080  -0.5814
 109  0.1090  -0.5832
 110  0.1100  -0.5849
 111  0.1110  -0.5866
 112  0.1120  -0.5882
 113  0.1130  -0.5899
 114  0.1140  -0.5916
 115  0.1150  -0.5932
 116  0.1160  -0.5949
 117  0.1170  -0.5965
 118  0.1180  -0.5981
 119  0.1190  -0.5997
 120  0.1200  -0.6013
 121  0.1210  -0.6028
 122  0.1220  -0.6044
 123  0.1230  -0.6060
 124  0.1240  -0.6075
 125  0.1250  -0.6090
 126  0.1260  -0.6105
 127  0.1270  -0.6120
 128  0.1280  -0.6135
 129  0.1290  -0.6150
 130  0.1300  -0.6165
 131  0.1310  -0.6179
 132  0.1320  -0.6194
 133  0.1330  -0.6208
 134  0.1340  -0.6223
 135  0.1350  -0.6237
 136  0.1360  -0.6251
 137  0.1370  -0.6265
 138  0.1380  -0.6279
 139  0.1390  -0.6293
 140  0.1400  -0.6306
 141  0.1410  -0.6320
 142  0.1420  -0.6334
 143  0.1430  -0.6347
 144  0.1440  -0.6360
 145  0.1450  -0.6374
 146  0.1460  -0.6387
 147  0.1470  -0.6400
 148  0.1480  -0.6413
 149  0.1490  -0.6426
 150  0.1500  -0.6439
 151  0.1510  -0.6451
 152  0.1520  -0.6464
 153  0.1530  -0.6476
 154  0.1540  -0.6489
 155  0.1550  -0.6501
 156  0.1560  -0.6514
 157  0.1570  -0.6526
 158  0.1580  -0.6538
 159  0.1590  -0.6550
 160  0.1600  -0.6562
 161  0.1610  -0.6574
 162  0.1620  -0.6586
 163  0.1630  -0.6598
 164  0.1640  -0.6609
 165  0.1650  -0.6621
 166  0.1660  -0.6633
 167  0.1670  -0.6644
 168  0.1680  -0.6655
 169  0.1690  -0.6667
 170  0.1700  -0.6678
 171  0.1710  -0.6689
 172  0.1720  -0.6700
 173  0.1730  -0.6711
 174  0.1740  -0.6722
 175  0.1750  -0.6733
 176  0.1760  -0.6744
 177  0.1770  -0.6755
 178  0.1780  -0.6766
 179  0.1790  -0.6776
 180  0.1800  -0.6787
 181  0.1810  -0.6797
 182  0.1820  -0.6808
 183  0.1830  -0.6818
 184  0.1840  -0.6829
 185  0.1850  -0.6839
 186  0.1860  -0.6849
 187  0.1870  -0.6859
 188  0.1880  -0.6869
 189  0.1890  -0.6879
 190  0.1900  -0.6889
 191  0.1910  -0.6899
 192  0.1920  -0.6909
 193  0.1930  -0.6919
 194  0.1940  -0.6929
 195  0.1950  -0.6938
 196  0.1960  -0.6948
 197  0.1970  -0.6958
 198  0.1980  -0.6967
 199  0.1990  -0.6977
 200  0.2000  -0.6986
 201  0.2010  -0.6995
 202  0.2020  -0.7005
 203  0.2030  -0.7014
 204  0.2040  -0.7023
 205  0.2050  -0.7032
 206  0.2060  -0.7041
 207  0.2070  -0.7050
 208  0.2080  -0.7059
 209  0.2090  -0.7068
 210  0.2100  -0.7077
 211  0.2110  -0.7086
 212  0.2120  -0.7095
 213  0.2130  -0.7104
 214  0.2140  -0.7112
 215  0.2150  -0.7121
 216  0.2160  -0.7129
 217  0.2170  -0.7138
 218  0.2180  -0.7146
 219  0.2190  -0.7155
 220  0.2200  -0.7163
 221  0.2210  -0.7172
 222  0.2220  -0.7180
 223  0.2230  -0.7188
 224  0.2240  -0.7197
 225  0.2250  -0.7205
 226  0.2260  -0.7213
 227  0.2270  -0.7221
 228  0.2280  -0.7229
 229  0.2290  -0.7237
 230  0.2300  -0.7245
 231  0.2310  -0.7253
 232  0.2320  -0.7261
 233  0.2330  -0.7269
 234  0.2340  -0.7276
 235  0.2350  -0.7284
 236  0.2360  -0.7292
 237  0.2370  -0.7300
 238  0.2380  -0.7307
 239  0.2390  -0.7315
 240  0.2400  -0.7322
 241  0.2410  -0.7330
 242  0.2420  -0.7337
 243  0.2430  -0.7345
 244  0.2440  -0.7352
 245  0.2450  -0.7360
 246  0.2460  -0.7367
 247  0.2470  -0.7374
 248  0.2480  -0.7381
 249  0.2490  -0.7389
 250  0.2500  -0.7396
 251  0.2510  -0.7403
 252  0.2520  -0.7410
 253  0.2530  -0.7417
 254  0.2540  -0.7424
 255  0.2550  -0.7431
 256  0.2560  -0.7438
 257  0.2570  -0.7445
 258  0.2580  -0.7452
 259  0.2590  -0.7459
 260  0.2600  -0.7465
 261  0.2610  -0.7472
 262  0.2620  -0.7479
 263  0.2630  -0.7486
 264  0.2640  -0.7492
 265  0.2650  -0.7499
 266  0.2660  -0.7506
 267  0.2670  -0.7512
 268  0.2680  -0.7519
 269  0.2690  -0.7525
 270  0.2700  -0.7532
 271  0.2710  -0.7538
 272  0.2720  -0.7545
 273  0.2730  -0.7551
 274  0.2740  -0.7557
 275  0.2750  -0.7564
 276  0.2760  -0.7570
 277  0.2770  -0.7576
 278  0.2780  -0.7582
 279  0.2790  -0.7589
 280  0.2800  -0.7595
 281  0.2810  -0.7601
 282  0.2820  -0.7607
 283  0.2830  -0.7613
 284  0.2840  -0.7619
 285  0.2850  -0.7625
 286  0.2860  -0.7631
 287  0.2870  -0.7637
 288  0.2880  -0.7643
 289  0.2890  -0.7649
 290  0.2900  -0.7655
 291  0.2910  -0.7661
 292  0.2920  -0.7667
 293  0.2930  -0.7672
 294  0.2940  -0.7678
 295  0.2950  -0.7684
 296  0.2960  -0.7690
 297  0.2970  -0.7695
 298  0.2980  -0.7701
 299  0.2990  -0.7707
 300  0.3000  -0.7712
 301  0.3010  -0.7718
 302  0.3020  -0.7723
 303  0.3030  -0.7729
 304  0.3040  -0.7734
 305  0.3050  -0.7740
 306  0.3060  -0.7745
 307  0.3070  -0.7751
 308  0.3080  -0.7756
 309  0.3090  -0.7762
 310  0.3100  -0.7767
 311  0.3110  -0.7772
 312  0.3120  -0.7778
 313  0.3130  -0.7783
 314  0.3140  -0.7788
 315  0.3150  -0.7793
 316  0.3160  -0.7798
 317  0.3170  -0.7804
 318  0.3180  -0.7809
 319  0.3190  -0.7814
 320  0.3200  -0.7819
 321  0.3210  -0.7824
 322  0.3220  -0.7829
 323  0.3230  -0.7834
 324  0.3240  -0.7839
 325  0.3250  -0.7844
 326  0.3260  -0.7849
 327  0.3270  -0.7854
 328  0.3280  -0.7859
 329  0.3290  -0.7864
 330  0.3300  -0.7869
 331  0.3310  -0.7874
 332  0.3320  -0.7879
 333  0.3330  -0.7883
 334  0.3340  -0.7888
 335  0.3350  -0.7893
 336  0.3360  -0.7898
 337  0.3370  -0.7903
 338  0.3380  -0.7907
 339  0.3390  -0.7912
 340  0.3400  -0.7917
 341  0.3410  -0.7921
 342  0.3420  -0.7926
 343  0.3430  -0.7930
 344  0.3440  -0.7935
 345  0.3450  -0.7940
 346  0.3460  -0.7944
 347  0.3470  -0.7949
 348  0.3480  -0.7953
 349  0.3490  -0.7958
 350  0.3500  -0.7962
 351  0.3510  -0.7967
 352  0.3520  -0.7971
 353  0.3530  -0.7975
 354  0.3540  -0.7980
 355  0.3550  -0.7984
 356  0.3560  -0.7989
 357  0.3570  -0.7993
 358  0.3580  -0.7997
 359  0.3590  -0.8002
 360  0.3600  -0.8006
 361  0.3610  -0.8010
 362  0.3620  -0.8014
 363  0.3630  -0.8019
 364  0.3640  -0.8023
 365  0.3650  -0.8027
 366  0.3660  -0.8031
 367  0.3670  -0.8035
 368  0.3680  -0.8039
 369  0.3690  -0.8044
 370  0.3700  -0.8048
 371  0.3710  -0.8052
 372  0.3720  -0.8056
 373  0.3730  -0.8060
 374  0.3740  -0.8064
 375  0.3750  -0.8068
 376  0.3760  -0.8072
 377  0.3770  -0.8076
 378  0.3780  -0.8080
 379  0.3790  -0.8084
 380  0.3800  -0.8088
 381  0.3810  -0.8092
 382  0.3820  -0.8095
 383  0.3830  -0.8099
 384  0.3840  -0.8103
 385  0.3850  -0.8107
 386  0.3860  -0.8111
 387  0.3870  -0.8115
 388  0.3880  -0.8118
 389  0.3890  -0.8122
 390  0.3900  -0.8126
 391  0.3910  -0.8130
 392  0.3920  -0.8134
 393  0.3930  -0.8137
 394  0.3940  -0.8141
 395  0.3950  -0.8145
 396  0.3960  -0.8148
 397  0.3970  -0.8152
 398  0.3980  -0.8156
 399  0.3990  -0.8159
 400  0.4000  -0.8163
 401  0.4010  -0.8166
 402  0.4020  -0.8170
 403  0.4030  -0.8174
 404  0.4040  -0.8177
 405  0.4050  -0.8181
 406  0.4060  -0.8184
 407  0.4070  -0.8188
 408  0.4080  -0.8191
 409  0.4090  -0.8195
 410  0.4100  -0.8198
 411  0.4110  -0.8202
 412  0.4120  -0.8205
 413  0.4130  -0.8208
 414  0.4140  -0.8212
 415  0.4150  -0.8215
 416  0.4160  -0.8219
 417  0.4170  -0.8222
 418  0.4180  -0.8225
 419  0.4190  -0.8229
 420  0.4200  -0.8232
 421  0.4210  -0.8235
 422  0.4220  -0.8239
 423  0.4230  -0.8242
 424  0.4240  -0.8245
 425  0.4250  -0.8248
 426  0.4260  -0.8252
 427  0.4270  -0.8255
 428  0.4280  -0.8258
 429  0.4290  -0.8261
 430  0.4300  -0.8265
 431  0.4310  -0.8268
 432  0.4320  -0.8271
 433  0.4330  -0.8274
 434  0.4340  -0.8277
 435  0.4350  -0.8280
 436  0.4360  -0.8283
 437  0.4370  -0.8287
 438  0.4380  -0.8290
 439  0.4390  -0.8293
 440  0.4400  -0.8296
 441  0.4410  -0.8299
 442  0.4420  -0.8302
 443  0.4430  -0.8305
 444  0.4440  -0.8308
 445  0.4450  -0.8311
 446  0.4460  -0.8314
 447  0.4470  -0.8317
 448  0.4480  -0.8320
 449  0.4490  -0.8323
 450  0.4500  -0.8326
 451  0.4510  -0.8329
 452  0.4520  -0.8332
 453  0.4530  -0.8335
 454  0.4540  -0.8338
 455  0.4550  -0.8340
 456  0.4560  -0.8343
 457  0.4570  -0.8346
 458  0.4580  -0.8349
 459  0.4590  -0.8352
 460  0.4600  -0.8355
 461  0.4610  -0.8358
 462  0.4620  -0.8360
 463  0.4630  -0.8363
 464  0.4640  -0.8366
 465  0.4650  -0.8369
 466  0.4660  -0.8371
 467  0.4670  -0.8374
 468  0.4680  -0.8377
 469  0.4690  -0.8380
 470  0.4700  -0.8382
 471  0.4710  -0.8385
 472  0.4720  -0.8388
 473  0.4730  -0.8391
 474  0.4740  -0.8393
 475  0.4750  -0.8396
 476  0.4760  -0.8399
 477  0.4770  -0.8401
 478  0.4780  -0.8404
 479  0.4790  -0.8407
 480  0.4800  -0.8409
 481  0.4810  -0.8412
 482  0.4820  -0.8414
 483  0.4830  -0.8417
 484  0.4840  -0.8420
 485  0.4850  -0.8422
 486  0.4860  -0.8425
 487  0.4870  -0.8427
 488  0.4880  -0.8430
 489  0.4890  -0.8432
 490  0.4900  -0.8435
 491  0.4910  -0.8437
 492  0.4920  -0.8440
 493  0.4930  -0.8442
 494  0.4940  -0.8445
 495  0.4950  -0.8447
 496  0.4960  -0.8450
 497  0.4970  -0.8452
 498  0.4980  -0.8455
 499  0.4990  -0.8457
 500  0.5000  -0.8459
 501  0.5010  -0.8462
 502  0.5020  -0.8464
 503  0.5030  -0.8467
 504  0.5040  -0.8469
 505  0.5050  -0.8471
 506  0.5060  -0.8474
 507  0.5070  -0.8476
 508  0.5080  -0.8478
 509  0.5090  -0.8481
 510  0.5100  -0.8483
 511  0.5110  -0.8485
 512  0.5120  -0.8488
 513  0.5130  -0.8490
 514  0.5140  -0.8492
 515  0.5150  -0.8495
 516  0.5160  -0.8497
 517  0.5170  -0.8499
 518  0.5180  -0.8502
 519  0.5190  -0.8504
 520  0.5200  -0.8506
 521  0.5210  -0.8508
 522  0.5220  -0.8510
 523  0.5230  -0.8513
 524  0.5240  -0.8515
 525  0.5250  -0.8517
 526  0.5260  -0.8519
 527  0.5270  -0.8521
 528  0.5280  -0.8524
 529  0.5290  -0.8526
 530  0.5300  -0.8528
 531  0.5310  -0.8530
 532  0.5320  -0.8532
 533  0.5330  -0.8534
 534  0.5340  -0.8537
 535  0.5350  -0.8539
 536  0.5360  -0.8541
 537  0.5370  -0.8543
 538  0.5380  -0.8545
 539  0.5390  -0.8547
 540  0.5400  -0.8549
 541  0.5410  -0.8551
 542  0.5420  -0.8553
 543  0.5430  -0.8555
 544  0.5440  -0.8557
 545  0.5450  -0.8559
 546  0.5460  -0.8561
 547  0.5470  -0.8563
 548  0.5480  -0.8565
 549  0.5490  -0.8567
 550  0.5500  -0.8569
 551  0.5510  -0.8571
 552  0.5520  -0.8573
 553  0.5530  -0.8575
 554  0.5540  -0.8577
 555  0.5550  -0.8579
 556  0.5560  -0.8581
 557  0.5570  -0.8583
 558  0.5580  -0.8585
 559  0.5590  -0.8587
 560  0.5600  -0.8589
 561  0.5610  -0.8591
 562  0.5620  -0.8593
 563  0.5630  -0.8595
 564  0.5640  -0.8597
 565  0.5650  -0.8599
 566  0.5660  -0.8600
 567  0.5670  -0.8602
 568  0.5680  -0.8604
 569  0.5690  -0.8606
 570  0.5700  -0.8608
 571  0.5710  -0.8610
 572  0.5720  -0.8612
 573  0.5730  -0.8613
 574  0.5740  -0.8615
 575  0.5750  -0.8617
 576  0.5760  -0.8619
 577  0.5770  -0.8621
 578  0.5780  -0.8622
 579  0.5790  -0.8624
 580  0.5800  -0.8626
 581  0.5810  -0.8628
 582  0.5820  -0.8630
 583  0.5830  -0.8631
 584  0.5840  -0.8633
 585  0.5850  -0.8635
 586  0.5860  -0.8637
 587  0.5870  -0.8638
 588  0.5880  -0.8640
 589  0.5890  -0.8642
 590  0.5900  -0.8643
 591  0.5910  -0.8645
 592  0.5920  -0.8647
 593  0.5930  -0.8649
 594  0.5940  -0.8650
 595  0.5950  -0.8652
 596  0.5960  -0.8654
 597  0.5970  -0.8655
 598  0.5980  -0.8657
 599  0.5990  -0.8659
 600  0.6000  -0.8660
 601  0.6010  -0.8662
 602  0.6020  -0.8664
 603  0.6030  -0.8665
 604  0.6040  -0.8667
 605  0.6050  -0.8668
 606  0.6060  -0.8670
 607  0.6070  -0.8672
 608  0.6080  -0.8673
 609  0.6090  -0.8675
 610  0.6100  -0.8676
 611  0.6110  -0.8678
 612  0.6120  -0.8680
 613  0.6130  -0.8681
 614  0.6140  -0.8683
 615  0.6150  -0.8684
 616  0.6160  -0.8686
 617  0.6170  -0.8687
 618  0.6180  -0.8689
 619  0.6190  -0.8690
 620  0.6200  -0.8692
 621  0.6210  -0.8693
 622  0.6220  -0.8695
 623  0.6230  -0.8696
 624  0.6240  -0.8698
 625  0.6250  -0.8699
 626  0.6260  -0.8701
 627  0.6270  -0.8702
 628  0.6280  -0.8704
 629  0.6290  -0.8705
 630  0.6300  -0.8707
 631  0.6310  -0.8708
 632  0.6320  -0.8710
 633  0.6330  -0.8711
 634  0.6340  -0.8713
 635  0.6350  -0.8714
 636  0.6360  -0.8716
 637  0.6370  -0.8717
 638  0.6380  -0.8718
 639  0.6390  -0.8720
 640  0.6400  -0.8721
 641  0.6410  -0.8723
 642  0.6420  -0.8724
 643  0.6430  -0.8725
 644  0.6440  -0.8727
 645  0.6450  -0.8728
 646  0.6460  -0.8730
 647  0.6470  -0.8731
 648  0.6480  -0.8732
 649  0.6490  -0.8734
 650  0.6500  -0.8735
 651  0.6510  -0.8736
 652  0.6520  -0.8738
 653  0.6530  -0.8739
 654  0.6540  -0.8740
 655  0.6550  -0.8742
 656  0.6560  -0.8743
 657  0.6570  -0.8744
 658  0.6580  -0.8746
 659  0.6590  -0.8747
 660  0.6600  -0.8748
 661  0.6610  -0.8750
 662  0.6620  -0.8751
 663  0.6630  -0.8752
 664  0.6640  -0.8753
 665  0.6650  -0.8755
 666  0.6660  -0.8756
 667  0.6670  -0.8757
 668  0.6680  -0.8759
 669  0.6690  -0.8760
 670  0.6700  -0.8761
 671  0.6710  -0.8762
 672  0.6720  -0.8764
 673  0.6730  -0.8765
 674  0.6740  -0.8766
 675  0.6750  -0.8767
 676  0.6760  -0.8768
 677  0.6770  -0.8770
 678  0.6780  -0.8771
 679  0.6790  -0.8772
 680  0.6800  -0.8773
 681  0.6810  -0.8775
 682  0.6820  -0.8776
 683  0.6830  -0.8777
 684  0.6840  -0.8778
 685  0.6850  -0.8779
 686  0.6860  -0.8780
 687  0.6870  -0.8782
 688  0.6880  -0.8783
 689  0.6890  -0.8784
 690  0.6900  -0.8785
 691  0.6910  -0.8786
 692  0.6920  -0.8787
 693  0.6930  -0.8789
 694  0.6940  -0.8790
 695  0.6950  -0.8791
 696  0.6960  -0.8792
 697  0.6970  -0.8793
 698  0.6980  -0.8794
 699  0.6990  -0.8795
 700  0.7000  -0.8796
 701  0.7010  -0.8797
 702  0.7020  -0.8799
 703  0.7030  -0.8800
 704  0.7040  -0.8801
 705  0.7050  -0.8802
 706  0.7060  -0.8803
 707  0.7070  -0.8804
 708  0.7080  -0.8805
 709  0.7090  -0.8806
 710  0.7100  -0.8807
 711  0.7110  -0.8808
 712  0.7120  -0.8809
 713  0.7130  -0.8810
 714  0.7140  -0.8811
 715  0.7150  -0.8812
 716  0.7160  -0.8813
 717  0.7170  -0.8814
 718  0.7180  -0.8815
 719  0.7190  -0.8816
 720  0.7200  -0.8818
 721  0.7210  -0.8819
 722  0.7220  -0.8820
 723  0.7230  -0.8821
 724  0.7240  -0.8822
 725  0.7250  -0.8823
 726  0.7260  -0.8824
 727  0.7270  -0.8824
 728  0.7280  -0.8825
 729  0.7290  -0.8826
 730  0.7300  -0.8827
 731  0.7310  -0.8828
 732  0.7320  -0.8829
 733  0.7330  -0.8830
 734  0.7340  -0.8831
 735  0.7350  -0.8832
 736  0.7360  -0.8833
 737  0.7370  -0.8834
 738  0.7380  -0.8835
 739  0.7390  -0.8836
 740  0.7400  -0.8837
 741  0.7410  -0.8838
 742  0.7420  -0.8839
 743  0.7430  -0.8840
 744  0.7440  -0.8841
 745  0.7450  -0.8841
 746  0.7460  -0.8842
 747  0.7470  -0.8843
 748  0.7480  -0.8844
 749  0.7490  -0.8845
 750  0.7500  -0.8846
 751  0.7510  -0.8847
 752  0.7520  -0.8848
 753  0.7530  -0.8849
 754  0.7540  -0.8849
 755  0.7550  -0.8850
 756  0.7560  -0.8851
 757  0.7570  -0.8852
 758  0.7580  -0.8853
 759  0.7590  -0.8854
 760  0.7600  -0.8855
 761  0.7610  -0.8855
 762  0.7620  -0.8856
 763  0.7630  -0.8857
 764  0.7640  -0.8858
 765  0.7650  -0.8859
 766  0.7660  -0.8860
 767  0.7670  -0.8860
 768  0.7680  -0.8861
 769  0.7690  -0.8862
 770  0.7700  -0.8863
 771  0.7710  -0.8864
 772  0.7720  -0.8864
 773  0.7730  -0.8865
 774  0.7740  -0.8866
 775  0.7750  -0.8867
 776  0.7760  -0.8868
 777  0.7770  -0.8868
 778  0.7780  -0.8869
 779  0.7790  -0.8870
 780  0.7800  -0.8871
 781  0.7810  -0.8872
 782  0.7820  -0.8872
 783  0.7830  -0.8873
 784  0.7840  -0.8874
 785  0.7850  -0.8875
 786  0.7860  -0.8875
 787  0.7870  -0.8876
 788  0.7880  -0.8877
 789  0.7890  -0.8878
 790  0.7900  -0.8878
 791  0.7910  -0.8879
 792  0.7920  -0.8880
 793  0.7930  -0.8880
 794  0.7940  -0.8881
 795  0.7950  -0.8882
 796  0.7960  -0.8883
 797  0.7970  -0.8883
 798  0.7980  -0.8884
 799  0.7990  -0.8885
 800  0.8000  -0.8885
 801  0.8010  -0.8886
 802  0.8020  -0.8887
 803  0.8030  -0.8887
 804  0.8040  -0.8888
 805  0.8050  -0.8889
 806  0.8060  -0.8889
 807  0.8070  -0.8890
 808  0.8080  -0.8891
 809  0.8090  -0.8891
 810  0.8100  -0.8892
 811  0.8110  -0.8893
 812  0.8120  -0.8893
 813  0.8130  -0.8894
 814  0.8140  -0.8895
 815  0.8150  -0.8895
 816  0.8160  -0.8896
 817  0.8170  -0.8897
 818  0.8180  -0.8897
 819  0.8190  -0.8898
 820  0.8200  -0.8899
 821  0.8210  -0.8899
 822  0.8220  -0.8900
 823  0.8230  -0.8900
 824  0.8240  -0.8901
 825  0.8250  -0.8902
 826  0.8260  -0.8902
 827  0.8270  -0.8903
 828  0.8280  -0.8903
 829  0.8290  -0.8904
 830  0.8300  -0.8905
 831  0.8310  -0.8905
 832  0.8320  -0.8906
 833  0.8330  -0.8906
 834  0.8340  -0.8907
 835  0.8350  -0.8907
 836  0.8360  -0.8908
 837  0.8370  -0.8909
 838  0.8380  -0.8909
 839  0.8390  -0.8910
 840  0.8400  -0.8910
 841  0.8410  -0.8911
 842  0.8420  -0.8911
 843  0.8430  -0.8912
 844  0.8440  -0.8912
 845  0.8450  -0.8913
 846  0.8460  -0.8913
 847  0.8470  -0.8914
 848  0.8480  -0.8915
 849  0.8490  -0.8915
 850  0.8500  -0.8916
 851  0.8510  -0.8916
 852  0.8520  -0.8917
 853  0.8530  -0.8917
 854  0.8540  -0.8918
 855  0.8550  -0.8918
 856  0.8560  -0.8919
 857  0.8570  -0.8919
 858  0.8580  -0.8920
 859  0.8590  -0.8920
 860  0.8600  -0.8921
 861  0.8610  -0.8921
 862  0.8620  -0.8922
 863  0.8630  -0.8922
 864  0.8640  -0.8923
 865  0.8650  -0.8923
 866  0.8660  -0.8923
 867  0.8670  -0.8924
 868  0.8680  -0.8924
 869  0.8690  -0.8925
 870  0.8700  -0.8925
 871  0.8710  -0.8926
 872  0.8720  -0.8926
 873  0.8730  -0.8927
 874  0.8740  -0.8927
 875  0.8750  -0.8928
 876  0.8760  -0.8928
 877  0.8770  -0.8928
 878  0.8780  -0.8929
 879  0.8790  -0.8929
 880  0.8800  -0.8930
 881  0.8810  -0.8930
 882  0.8820  -0.8930
 883  0.8830  -0.8931
 884  0.8840  -0.8931
 885  0.8850  -0.8932
 886  0.8860  -0.8932
 887  0.8870  -0.8933
 888  0.8880  -0.8933
 889  0.8890  -0.8933
 890  0.8900  -0.8934
 891  0.8910  -0.8934
 892  0.8920  -0.8934
 893  0.8930  -0.8935
 894  0.8940  -0.8935
 895  0.8950  -0.8936
 896  0.8960  -0.8936
 897  0.8970  -0.8936
 898  0.8980  -0.8937
 899  0.8990  -0.8937
 900  0.9000  -0.8937
 901  0.9010  -0.8938
 902  0.9020  -0.8938
 903  0.9030  -0.8938
 904  0.9040  -0.8939
 905  0.9050  -0.8939
 906  0.9060  -0.8940
 907  0.9070  -0.8940
 908  0.9080  -0.8940
 909  0.9090  -0.8941
 910  0.9100  -0.8941
 911  0.9110  -0.8941
 912  0.9120  -0.8941
 913  0.9130  -0.8942
 914  0.9140  -0.8942
 915  0.9150  -0.8942
 916  0.9160  -0.8943
 917  0.9170  -0.8943
 918  0.9180  -0.8943
 919  0.9190  -0.8944
 920  0.9200  -0.8944
 921  0.9210  -0.8944
 922  0.9220  -0.8945
 923  0.9230  -0.8945
 924  0.9240  -0.8945
 925  0.9250  -0.8945
 926  0.9260  -0.8946
 927  0.9270  -0.8946
 928  0.9280  -0.8946
 929  0.9290  -0.8946
 930  0.9300  -0.8947
 931  0.9310  -0.8947
 932  0.9320  -0.8947
 933  0.9330  -0.8948
 934  0.9340  -0.8948
 935  0.9350  -0.8948
 936  0.9360  -0.8948
 937  0.9370  -0.8949
 938  0.9380  -0.8949
 939  0.9390  -0.8949
 940  0.9400  -0.8949
 941  0.9410  -0.8949
 942  0.9420  -0.8950
 943  0.9430  -0.8950
 944  0.9440  -0.8950
 945  0.9450  -0.8950
 946  0.9460  -0.8951
 947  0.9470  -0.8951
 948  0.9480  -0.8951
 949  0.9490  -0.8951
 950  0.9500  -0.8951
 951  0.9510  -0.8952
 952  0.9520  -0.8952
 953  0.9530  -0.8952
 954  0.9540  -0.8952
 955  0.9550  -0.8952
 956  0.9560  -0.8953
 957  0.9570  -0.8953
 958  0.9580  -0.8953
 959  0.9590  -0.8953
 960  0.9600  -0.8953
 961  0.9610  -0.8954
 962  0.9620  -0.8954
 963  0.9630  -0.8954
 964  0.9640  -0.8954
 965  0.9650  -0.8954
 966  0.9660  -0.8954
 967  0.9670  -0.8955
 968  0.9680  -0.8955
 969  0.9690  -0.8955
 970  0.9700  -0.8955
 971  0.9710  -0.8955
 972  0.9720  -0.8955
 973  0.9730  -0.8955
 974  0.9740  -0.8956
 975  0.9750  -0.8956
 976  0.9760  -0.8956
 977  0.9770  -0.8956
 978  0.9780  -0.8956
 979  0.9790  -0.8956
 980  0.9800  -0.8956
 981  0.9810  -0.8956
 982  0.9820  -0.8956
 983  0.9830  -0.8957
 984  0.9840  -0.8957
 985  0.9850  -0.8957
 986  0.9860  -0.8957
 987  0.9870  -0.8957
 988  0.9880  -0.8957
 989  0.9890  -0.8957
 990  0.9900  -0.8957
 991  0.9910  -0.8957
 992  0.9920  -0.8957
 993  0.9930  -0.8958
 994  0.9940  -0.8958
 995  0.9950  -0.8958
 996  0.9960  -0.8958
 997  0.9970  -0.8958
 998  0.9980  -0.8958
 999  0.9990  -0.8958
1000  1.0000  -0.8958
1001  1.0010  -0.8958
1002  1.0020  -0.8958
1003  1.0030  -0.8958
1004  1.0040  -0.8958
1005  1.0050  -0.8958
1006  1.0060  -0.8958
1007  1.0070  -0.8958
1008  1.0080  -0.8958
1009  1.0090  -0.8958
1010  1.0100  -0.8958
1011  1.0110  -0.8958
1012  1.0120  -0.8958
1013  1.0130  -0.8958
1014  1.0140  -0.8958
1015  1.0150  -0.8959
1016  1.0160  -0.8959
1017  1.0170  -0.8959
1018  1.0180  -0.8959
1019  1.0190  -0.8959
1020  1.0200  -0.8959
1021  1.0210  -0.8959
1022  1.0220  -0.8959
1023  1.0230  -0.8959
1024  1.0240  -0.8959
1025  1.0250  -0.8958
1026  1.0260  -0.8958
1027  1.0270  -0.8958
1028  1.0280  -0.8958
1029  1.0290  -0.8958
1030  1.0300  -0.8958
1031  1.0310  -0.8958
1032  1.0320  -0.8958
1033  1.0330  -0.8958
1034  1.0340  -0.8958
1035  1.0350  -0.8958
1036  1.0360  -0.8958
1037  1.0370  -0.8958
1038  1.0380  -0.8958
1039  1.0390  -0.8958
1040  1.0400  -0.8958
1041  1.0410  -0.8958
1042  1.0420  -0.8958
1043  1.0430  -0.8958
1044  1.0440  -0.8958
1045  1.0450  -0.8958
1046  1.0460  -0.8958
1047  1.0470  -0.8957
1048  1.0480  -0.8957
1049  1.0490  -0.8957
1050  1.0500  -0.8957
1051  1.0510  -0.8957
1052  1.0520  -0.8957
1053  1.0530  -0.8957
1054  1.0540  -0.8957
1055  1.0550  -0.8957
1056  1.0560  -0.8957
1057  1.0570  -0.8956
1058  1.0580  -0.8956
1059  1.0590  -0.8956
1060  1.0600  -0.8956
1061  1.0610  -0.8956
1062  1.0620  -0.8956
1063  1.0630  -0.8956
1064  1.0640  -0.8956
1065  1.0650  -0.8956
1066  1.0660  -0.8955
1067  1.0670  -0.8955
1068  1.0680  -0.8955
1069  1.0690  -0.8955
1070  1.0700  -0.8955
1071  1.0710  -0.8955
1072  1.0720  -0.8955
1073  1.0730  -0.8954
1074  1.0740  -0.8954
1075  1.0750  -0.8954
1076  1.0760  -0.8954
1077  1.0770  -0.8954
1078  1.0780  -0.8954
1079  1.0790  -0.8953
1080  1.0800  -0.8953
1081  1.0810  -0.8953
1082  1.0820  -0.8953
1083  1.0830  -0.8953
1084  1.0840  -0.8952
1085  1.0850  -0.8952
1086  1.0860  -0.8952
1087  1.0870  -0.8952
1088  1.0880  -0.8952
1089  1.0890  -0.8951
1090  1.0900  -0.8951
1091  1.0910  -0.8951
1092  1.0920  -0.8951
1093  1.0930  -0.8951
1094  1.0940  -0.8950
1095  1.0950  -0.8950
1096  1.0960  -0.8950
1097  1.0970  -0.8950
1098  1.0980  -0.8949
1099  1.0990  -0.8949
1100  1.1000  -0.8949
1101  1.1010  -0.8949
1102  1.1020  -0.8949
1103  1.1030  -0.8948
1104  1.1040  -0.8948
1105  1.1050  -0.8948
1106  1.1060  -0.8948
1107  1.1070  -0.8947
1108  1.1080  -0.8947
1109  1.1090  -0.8947
1110  1.1100  -0.8947
1111  1.1110  -0.8946
1112  1.1120  -0.8946
1113  1.1130  -0.8946
1114  1.1140  -0.8945
1115  1.1150  -0.8945
1116  1.1160  -0.8945
1117  1.1170  -0.8945
1118  1.1180  -0.8944
1119  1.1190  -0.8944
1120  1.1200  -0.8944
1121  1.1210  -0.8943
1122  1.1220  -0.8943
1123  1.1230  -0.8943
1124  1.1240  -0.8942
1125  1.1250  -0.8942
1126  1.1260  -0.8942
1127  1.1270  -0.8942
1128  1.1280  -0.8941
1129  1.1290  -0.8941
1130  1.1300  -0.8941
1131  1.1310  -0.8940
1132  1.1320  -0.8940
1133  1.1330  -0.8940
1134  1.1340  -0.8939
1135  1.1350  -0.8939
1136  1.1360  -0.8939
1137  1.1370  -0.8938
1138  1.1380  -0.8938
1139  1.1390  -0.8937
1140  1.1400  -0.8937
1141  1.1410  -0.8937
1142  1.1420  -0.8936
1143  1.1430  -0.8936
1144  1.1440  -0.8936
1145  1.1450  -0.8935
1146  1.1460  -0.8935
1147  1.1470  -0.8934
1148  1.1480  -0.8934
1149  1.1490  -0.8934
1150  1.1500  -0.8933
1151  1.1510  -0.8933
1152  1.1520  -0.8933
1153  1.1530  -0.8932
1154  1.1540  -0.8932
1155  1.1550  -0.8931
1156  1.1560  -0.8931
1157  1.1570  -0.8931
1158  1.1580  -0.8930
1159  1.1590  -0.8930
1160  1.1600  -0.8929
1161  1.1610  -0.8929
1162  1.1620  -0.8928
1163  1.1630  -0.8928
1164  1.1640  -0.8928
1165  1.1650  -0.8927
1166  1.1660  -0.8927
1167  1.1670  -0.8926
1168  1.1680  -0.8926
1169  1.1690  -0.8925
1170  1.1700  -0.8925
1171  1.1710  -0.8924
1172  1.1720  -0.8924
1173  1.1730  -0.8923
1174  1.1740  -0.8923
1175  1.1750  -0.8923
1176  1.1760  -0.8922
1177  1.1770  -0.8922
1178  1.1780  -0.8921
1179  1.1790  -0.8921
1180  1.1800  -0.8920
1181  1.1810  -0.8920
1182  1.1820  -0.8919
1183  1.1830  -0.8919
1184  1.1840  -0.8918
1185  1.1850  -0.8918
1186  1.1860  -0.8917
1187  1.1870  -0.8917
1188  1.1880  -0.8916
1189  1.1890  -0.8916
1190  1.1900  -0.8915
1191  1.1910  -0.8915
1192  1.1920  -0.8914
1193  1.1930  -0.8914
1194  1.1940  -0.8913
1195  1.1950  -0.8912
1196  1.1960  -0.8912
1197  1.1970  -0.8911
1198  1.1980  -0.8911
1199  1.1990  -0.8910
1200  1.2000  -0.8910
1201  1.2010  -0.8909
1202  1.2020  -0.8909
1203  1.2030  -0.8908
1204  1.2040  -0.8907
1205  1.2050  -0.8907
1206  1.2060  -0.8906
1207  1.2070  -0.8906
1208  1.2080  -0.8905
1209  1.2090  -0.8905
1210  1.2100  -0.8904
1211  1.2110  -0.8903
1212  1.2120  -0.8903
1213  1.2130  -0.8902
1214  1.2140  -0.8902
1215  1.2150  -0.8901
1216  1.2160  -0.8900
1217  1.2170  -0.8900
1218  1.2180  -0.8899
1219  1.2190  -0.8899
1220  1.2200  -0.8898
1221  1.2210  -0.8897
1222  1.2220  -0.8897
1223  1.2230  -0.8896
1224  1.2240  -0.8895
1225  1.2250  -0.8895
1226  1.2260  -0.8894
1227  1.2270  -0.8893
1228  1.2280  -0.8893
1229  1.2290  -0.8892
1230  1.2300  -0.8891
1231  1.2310  -0.8891
1232  1.2320  -0.8890
1233  1.2330  -0.8889
1234  1.2340  -0.8889
1235  1.2350  -0.8888
1236  1.2360  -0.8887
1237  1.2370  -0.8887
1238  1.2380  -0.8886
1239  1.2390  -0.8885
1240  1.2400  -0.8885
1241  1.2410  -0.8884
1242  1.2420  -0.8883
1243  1.2430  -0.8883
1244  1.2440  -0.8882
1245  1.2450  -0.8881
1246  1.2460  -0.8880
1247  1.2470  -0.8880
1248  1.2480  -0.8879
1249  1.2490  -0.8878
1250  1.2500  -0.8878
1251  1.2510  -0.8877
1252  1.2520  -0.8876
1253  1.2530  -0.8875
1254  1.2540  -0.8875
1255  1.2550  -0.8874
1256  1.2560  -0.8873
1257  1.2570  -0.8872
1258  1.2580  -0.8872
1259  1.2590  -0.8871
1260  1.2600  -0.8870
1261  1.2610  -0.8869
1262  1.2620  -0.8868
1263  1.2630  -0.8868
1264  1.2640  -0.8867
1265  1.2650  -0.8866
1266  1.2660  -0.8865
1267  1.2670  -0.8865
1268  1.2680  -0.8864
1269  1.2690  -0.8863
1270  1.2700  -0.8862
1271  1.2710  -0.8861
1272  1.2720  -0.8860
1273  1.2730  -0.8860
1274  1.2740  -0.8859
1275  1.2750  -0.8858
1276  1.2760  -0.8857
1277  1.2770  -0.8856
1278  1.2780  -0.8856
1279  1.2790  -0.8855
1280  1.2800  -0.8854
1281  1.2810  -0.8853
1282  1.2820  -0.8852
1283  1.2830  -0.8851
1284  1.2840  -0.8850
1285  1.2850  -0.8850
1286  1.2860  -0.8849
1287  1.2870  -0.8848
1288  1.2880  -0.8847
1289  1.2890  -0.8846
1290  1.2900  -0.8845
1291  1.2910  -0.8844
1292  1.2920  -0.8843
1293  1.2930  -0.8842
1294  1.2940  -0.8842
1295  1.2950  -0.8841
1296  1.2960  -0.8840
1297  1.2970  -0.8839
1298  1.2980  -0.8838
1299  1.2990  -0.8837
1300  1.3000  -0.8836
1301  1.3010  -0.8835
1302  1.3020  -0.8834
1303  1.3030  -0.8833
1304  1.3040  -0.8832
1305  1.3050  -0.8831
1306  1.3060  -0.8830
1307  1.3070  -0.8829
1308  1.3080  -0.8828
1309  1.3090  -0.8827
1310  1.3100  -0.8826
1311  1.3110  -0.8826
1312  1.3120  -0.8825
1313  1.3130  -0.8824
1314  1.3140  -0.8823
1315  1.3150  -0.8822
1316  1.3160  -0.8821
1317  1.3170  -0.8820
1318  1.3180  -0.8819
1319  1.3190  -0.8818
1320  1.3200  -0.8817
1321  1.3210  -0.8816
1322  1.3220  -0.8814
1323  1.3230  -0.8813
1324  1.3240  -0.8812
1325  1.3250  -0.8811
1326  1.3260  -0.8810
1327  1.3270  -0.8809
1328  1.3280  -0.8808
1329  1.3290  -0.8807
1330  1.3300  -0.8806
1331  1.3310  -0.8805
1332  1.3320  -0.8804
1333  1.3330  -0.8803
1334  1.3340  -0.8802
1335  1.3350  -0.8801
1336  1.3360  -0.8800
1337  1.3370  -0.8799
1338  1.3380  -0.8797
1339  1.3390  -0.8796
1340  1.3400  -0.8795
1341  1.3410  -0.8794
1342  1.3420  -0.8793
1343  1.3430  -0.8792
1344  1.3440  -0.8791
1345  1.3450  -0.8790
1346  1.3460  -0.8789
1347  1.3470  -0.8787
1348  1.3480  -0.8786
1349  1.3490  -0.8785
1350  1.3500  -0.8784
1351  1.3510  -0.8783
1352  1.3520  -0.8782
1353  1.3530  -0.8780
1354  1.3540  -0.8779
1355  1.3550  -0.8778
1356  1.3560  -0.8777
1357  1.3570  -0.8776
1358  1.3580  -0.8775
1359  1.3590  -0.8773
1360  1.3600  -0.8772
1361  1.3610  -0.8771
1362  1.3620  -0.8770
1363  1.3630  -0.8769
1364  1.3640  -0.8767
1365  1.3650  -0.8766
1366  1.3660  -0.8765
1367  1.3670  -0.8764
1368  1.3680  -0.8762
1369  1.3690  -0.8761
1370  1.3700  -0.8760
1371  1.3710  -0.8759
1372  1.3720  -0.8757
1373  1.3730  -0.8756
1374  1.3740  -0.8755
1375  1.3750  -0.8754
1376  1.3760  -0.8752
1377  1.3770  -0.8751
1378  1.3780  -0.8750
1379  1.3790  -0.8748
1380  1.3800  -0.8747
1381  1.3810  -0.8746
1382  1.3820  -0.8744
1383  1.3830  -0.8743
1384  1.3840  -0.8742
1385  1.3850  -0.8740
1386  1.3860  -0.8739
1387  1.3870  -0.8738
1388  1.3880  -0.8736
1389  1.3890  -0.8735
1390  1.3900  -0.8734
1391  1.3910  -0.8732
1392  1.3920  -0.8731
1393  1.3930  -0.8730
1394  1.3940  -0.8728
1395  1.3950  -0.8727
1396  1.3960  -0.8726
1397  1.3970  -0.8724
1398  1.3980  -0.8723
1399  1.3990  -0.8721
1400  1.4000  -0.8720
1401  1.4010  -0.8718
1402  1.4020  -0.8717
1403  1.4030  -0.8716
1404  1.4040  -0.8714
1405  1.4050  -0.8713
1406  1.4060  -0.8711
1407  1.4070  -0.8710
1408  1.4080  -0.8708
1409  1.4090  -0.8707
1410  1.4100  -0.8705
1411  1.4110  -0.8704
1412  1.4120  -0.8703
1413  1.4130  -0.8701
1414  1.4140  -0.8700
1415  1.4150  -0.8698
1416  1.4160  -0.8697
1417  1.4170  -0.8695
1418  1.4180  -0.8694
1419  1.4190  -0.8692
1420  1.4200  -0.8690
1421  1.4210  -0.8689
1422  1.4220  -0.8687
1423  1.4230  -0.8686
1424  1.4240  -0.8684
1425  1.4250  -0.8683
1426  1.4260  -0.8681
1427  1.4270  -0.8680
1428  1.4280  -0.8678
1429  1.4290  -0.8676
1430  1.4300  -0.8675
1431  1.4310  -0.8673
1432  1.4320  -0.8672
1433  1.4330  -0.8670
1434  1.4340  -0.8668
1435  1.4350  -0.8667
1436  1.4360  -0.8665
1437  1.4370  -0.8664
1438  1.4380  -0.8662
1439  1.4390  -0.8660
1440  1.4400  -0.8659
1441  1.4410  -0.8657
1442  1.4420  -0.8655
1443  1.4430  -0.8654
1444  1.4440  -0.8652
1445  1.4450  -0.8650
1446  1.4460  -0.8649
1447  1.4470  -0.8647
1448  1.4480  -0.8645
1449  1.4490  -0.8644
1450  1.4500  -0.8642
1451  1.4510  -0.8640
1452  1.4520  -0.8638
1453  1.4530  -0.8637
1454  1.4540  -0.8635
1455  1.4550  -0.8633
1456  1.4560  -0.8631
1457  1.4570  -0.8630
1458  1.4580  -0.8628
1459  1.4590  -0.8626
1460  1.4600  -0.8624
1461  1.4610  -0.8623
1462  1.4620  -0.8621
1463  1.4630  -0.8619
1464  1.4640  -0.8617
1465  1.4650  -0.8615
1466  1.4660  -0.8613
1467  1.4670  -0.8612
1468  1.4680  -0.8610
1469  1.4690  -0.8608
1470  1.4700  -0.8606
1471  1.4710  -0.8604
1472  1.4720  -0.8602
1473  1.4730  -0.8601
1474  1.4740  -0.8599
1475  1.4750  -0.8597
1476  1.4760  -0.8595
1477  1.4770  -0.8593
1478  1.4780  -0.8591
1479  1.4790  -0.8589
1480  1.4800  -0.8587
1481  1.4810  -0.8585
1482  1.4820  -0.8583
1483  1.4830  -0.8581
1484  1.4840  -0.8579
1485  1.4850  -0.8577
1486  1.4860  -0.8575
1487  1.4870  -0.8574
1488  1.4880  -0.8572
1489  1.4890  -0.8570
1490  1.4900  -0.8568
1491  1.4910  -0.8566
1492  1.4920  -0.8564
1493  1.4930  -0.8561
1494  1.4940  -0.8559
1495  1.4950  -0.8557
1496  1.4960  -0.8555
1497  1.4970  -0.8553
1498  1.4980  -0.8551
1499  1.4990  -0.8549
1500  1.5000  -0.8547
1501  1.5010  -0.8545
1502  1.5020  -0.8543
1503  1.5030  -0.8541
1504  1.5040  -0.8539
1505  1.5050  -0.8537
1506  1.5060  -0.8534
1507  1.5070  -0.8532
1508  1.5080  -0.8530
1509  1.5090  -0.8528
1510  1.5100  -0.8526
1511  1.5110  -0.8524
1512  1.5120  -0.8522
1513  1.5130  -0.8519
1514  1.5140  -0.8517
1515  1.5150  -0.8515
1516  1.5160  -0.8513
1517  1.5170  -0.8511
1518  1.5180  -0.8508
1519  1.5190  -0.8506
1520  1.5200  -0.8504
1521  1.5210  -0.8502
1522  1.5220  -0.8499
1523  1.5230  -0.8497
1524  1.5240  -0.8495
1525  1.5250  -0.8493
1526  1.5260  -0.8490
1527  1.5270  -0.8488
1528  1.5280  -0.8486
1529  1.5290  -0.8483
1530  1.5300  -0.8481
1531  1.5310  -0.8479
1532  1.5320  -0.8476
1533  1.5330  -0.8474
1534  1.5340  -0.8472
1535  1.5350  -0.8469
1536  1.5360  -0.8467
1537  1.5370  -0.8464
1538  1.5380  -0.8462
1539  1.5390  -0.8460
1540  1.5400  -0.8457
1541  1.5410  -0.8455
1542  1.5420  -0.8452
1543  1.5430  -0.8450
1544  1.5440  -0.8447
1545  1.5450  -0.8445
1546  1.5460  -0.8442
1547  1.5470  -0.8440
1548  1.5480  -0.8437
1549  1.5490  -0.8435
1550  1.5500  -0.8432
1551  1.5510  -0.8430
1552  1.5520  -0.8427
1553  1.5530  -0.8425
1554  1.5540  -0.8422
1555  1.5550  -0.8420
1556  1.5560  -0.8417
1557  1.5570  -0.8414
1558  1.5580  -0.8412
1559  1.5590  -0.8409
1560  1.5600  -0.8407
1561  1.5610  -0.8404
1562  1.5620  -0.8401
1563  1.5630  -0.8399
1564  1.5640  -0.8396
1565  1.5650  -0.8393
1566  1.5660  -0.8391
1567  1.5670  -0.8388
1568  1.5680  -0.8385
1569  1.5690  -0.8383
1570  1.5700  -0.8380
1571  1.5710  -0.8377
1572  1.5720  -0.8374
1573  1.5730  -0.8372
1574  1.5740  -0.8369
1575  1.5750  -0.8366
1576  1.5760  -0.8363
1577  1.5770  -0.8360
1578  1.5780  -0.8358
1579  1.5790  -0.8355
1580  1.5800  -0.8352
1581  1.5810  -0.8349
1582  1.5820  -0.8346
1583  1.5830  -0.8343
1584  1.5840  -0.8341
1585  1.5850  -0.8338
1586  1.5860  -0.8335
1587  1.5870  -0.8332
1588  1.5880  -0.8329
1589  1.5890  -0.8326
1590  1.5900  -0.8323
1591  1.5910  -0.8320
1592  1.5920  -0.8317
1593  1.5930  -0.8314
1594  1.5940  -0.8311
1595  1.5950  -0.8308
1596  1.5960  -0.8305
1597  1.5970  -0.8302
1598  1.5980  -0.8299
1599  1.5990  -0.8296
1600  1.6000  -0.8293
1601  1.6010  -0.8290
1602  1.6020  -0.8287
1603  1.6030  -0.8284
1604  1.6040  -0.8280
1605  1.6050  -0.8277
1606  1.6060  -0.8274
1607  1.6070  -0.8271
1608  1.6080  -0.8268
1609  1.6090  -0.8265
1610  1.6100  -0.8262
1611  1.6110  -0.8258
1612  1.6120  -0.8255
1613  1.6130  -0.8252
1614  1.6140  -0.8249
1615  1.6150  -0.8245
1616  1.6160  -0.8242
1617  1.6170  -0.8239
1618  1.6180  -0.8235
1619  1.6190  -0.8232
1620  1.6200  -0.8229
1621  1.6210  -0.8226
1622  1.6220  -0.8222
1623  1.6230  -0.8219
1624  1.6240  -0.8215
1625  1.6250  -0.8212
1626  1.6260  -0.8209
1627  1.6270  -0.8205
1628  1.6280  -0.8202
1629  1.6290  -0.8198
1630  1.6300  -0.8195
1631  1.6310  -0.8191
1632  1.6320  -0.8188
1633  1.6330  -0.8184
1634  1.6340  -0.8181
1635  1.6350  -0.8177
1636  1.6360  -0.8174
1637  1.6370  -0.8170
1638  1.6380  -0.8167
1639  1.6390  -0.8163
1640  1.6400  -0.8159
1641  1.6410  -0.8156
1642  1.6420  -0.8152
1643  1.6430  -0.8148
1644  1.6440  -0.8145
1645  1.6450  -0.8141
1646  1.6460  -0.8137
1647  1.6470  -0.8134
1648  1.6480  -0.8130
1649  1.6490  -0.8126
1650  1.6500  -0.8122
1651  1.6510  -0.8119
1652  1.6520  -0.8115
1653  1.6530  -0.8111
1654  1.6540  -0.8107
1655  1.6550  -0.8103
1656  1.6560  -0.8099
1657  1.6570  -0.8096
1658  1.6580  -0.8092
1659  1.6590  -0.8088
1660  1.6600  -0.8084
1661  1.6610  -0.8080
1662  1.6620  -0.8076
1663  1.6630  -0.8072
1664  1.6640  -0.8068
1665  1.6650  -0.8064
1666  1.6660  -0.8060
1667  1.6670  -0.8056
1668  1.6680  -0.8052
1669  1.6690  -0.8048
1670  1.6700  -0.8044
1671  1.6710  -0.8040
1672  1.6720  -0.8035
1673  1.6730  -0.8031
1674  1.6740  -0.8027
1675  1.6750  -0.8023
1676  1.6760  -0.8019
1677  1.6770  -0.8014
1678  1.6780  -0.8010
1679  1.6790  -0.8006
1680  1.6800  -0.8002
1681  1.6810  -0.7997
1682  1.6820  -0.7993
1683  1.6830  -0.7989
1684  1.6840  -0.7984
1685  1.6850  -0.7980
1686  1.6860  -0.7976
1687  1.6870  -0.7971
1688  1.6880  -0.7967
1689  1.6890  -0.7962
1690  1.6900  -0.7958
1691  1.6910  -0.7953
1692  1.6920  -0.7949
1693  1.6930  -0.7944
1694  1.6940  -0.7940
1695  1.6950  -0.7935
1696  1.6960  -0.7931
1697  1.6970  -0.7926
1698  1.6980  -0.7921
1699  1.6990  -0.7917
1700  1.7000  -0.7912
1701  1.7010  -0.7907
1702  1.7020  -0.7903
1703  1.7030  -0.7898
1704  1.7040  -0.7893
1705  1.7050  -0.7888
1706  1.7060  -0.7884
1707  1.7070  -0.7879
1708  1.7080  -0.7874
1709  1.7090  -0.7869
1710  1.7100  -0.7864
1711  1.7110  -0.7859
1712  1.7120  -0.7854
1713  1.7130  -0.7849
1714  1.7140  -0.7844
1715  1.7150  -0.7839
1716  1.7160  -0.7834
1717  1.7170  -0.7829
1718  1.7180  -0.7824
1719  1.7190  -0.7819
1720  1.7200  -0.7814
1721  1.7210  -0.7809
1722  1.7220  -0.7804
1723  1.7230  -0.7799
1724  1.7240  -0.7793
1725  1.7250  -0.7788
1726  1.7260  -0.7783
1727  1.7270  -0.7778
1728  1.7280  -0.7772
1729  1.7290  -0.7767
1730  1.7300  -0.7762
1731  1.7310  -0.7756
1732  1.7320  -0.7751
1733  1.7330  -0.7746
1734  1.7340  -0.7740
1735  1.7350  -0.7735
1736  1.7360  -0.7729
1737  1.7370  -0.7724
1738  1.7380  -0.7718
1739  1.7390  -0.7712
1740  1.7400  -0.7707
1741  1.7410  -0.7701
1742  1.7420  -0.7696
1743  1.7430  -0.7690
1744  1.7440  -0.7684
1745  1.7450  -0.7678
1746  1.7460  -0.7673
1747  1.7470  -0.7667
1748  1.7480  -0.7661
1749  1.7490  -0.7655
1750  1.7500  -0.7649
1751  1.7510  -0.7643
1752  1.7520  -0.7637
1753  1.7530  -0.7631
1754  1.7540  -0.7625
1755  1.7550  -0.7619
1756  1.7560  -0.7613
1757  1.7570  -0.7607
1758  1.7580  -0.7601
1759  1.7590  -0.7595
1760  1.7600  -0.7589
1761  1.7610  -0.7583
1762  1.7620  -0.7576
1763  1.7630  -0.7570
1764  1.7640  -0.7564
1765  1.7650  -0.7558
1766  1.7660  -0.7551
1767  1.7670  -0.7545
1768  1.7680  -0.7538
1769  1.7690  -0.7532
1770  1.7700  -0.7526
1771  1.7710  -0.7519
1772  1.7720  -0.7512
1773  1.7730  -0.7506
1774  1.7740  -0.7499
1775  1.7750  -0.7493
1776  1.7760  -0.7486
1777  1.7770  -0.7479
1778  1.7780  -0.7473
1779  1.7790  -0.7466
1780  1.7800  -0.7459
1781  1.7810  -0.7452
1782  1.7820  -0.7445
1783  1.7830  -0.7438
1784  1.7840  -0.7431
1785  1.7850  -0.7424
1786  1.7860  -0.7417
1787  1.7870  -0.7410
1788  1.7880  -0.7403
1789  1.7890  -0.7396
1790  1.7900  -0.7389
1791  1.7910  -0.7382
1792  1.7920  -0.7374
1793  1.7930  -0.7367
1794  1.7940  -0.7360
1795  1.7950  -0.7352
1796  1.7960  -0.7345
1797  1.7970  -0.7338
1798  1.7980  -0.7330
1799  1.7990  -0.7323
1800  1.8000  -0.7315
1801  1.8010  -0.7307
1802  1.8020  -0.7300
1803  1.8030  -0.7292
1804  1.8040  -0.7284
1805  1.8050  -0.7277
1806  1.8060  -0.7269
1807  1.8070  -0.7261
1808  1.8080  -0.7253
1809  1.8090  -0.7245
1810  1.8100  -0.7237
1811  1.8110  -0.7229
1812  1.8120  -0.7221
1813  1.8130  -0.7213
1814  1.8140  -0.7205
1815  1.8150  -0.7197
1816  1.8160  -0.7189
1817  1.8170  -0.7180
1818  1.8180  -0.7172
1819  1.8190  -0.7164
1820  1.8200  -0.7155
1821  1.8210  -0.7147
1822  1.8220  -0.7138
1823  1.8230  -0.7130
1824  1.8240  -0.7121
1825  1.8250  -0.7113
1826  1.8260  -0.7104
1827  1.8270  -0.7095
1828  1.8280  -0.7086
1829  1.8290  -0.7078
1830  1.8300  -0.7069
1831  1.8310  -0.7060
1832  1.8320  -0.7051
1833  1.8330  -0.7042
1834  1.8340  -0.7033
1835  1.8350  -0.7023
1836  1.8360  -0.7014
1837  1.8370  -0.7005
1838  1.8380  -0.6996
1839  1.8390  -0.6986
1840  1.8400  -0.6977
1841  1.8410  -0.6967
1842  1.8420  -0.6958
1843  1.8430  -0.6948
1844  1.8440  -0.6939
1845  1.8450  -0.6929
1846  1.8460  -0.6919
1847  1.8470  -0.6910
1848  1.8480  -0.6900
1849  1.8490  -0.6890
1850  1.8500  -0.6880
1851  1.8510  -0.6870
1852  1.8520  -0.6860
1853  1.8530  -0.6850
1854  1.8540  -0.6839
1855  1.8550  -0.6829
1856  1.8560  -0.6819
1857  1.8570  -0.6808
1858  1.8580  -0.6798
1859  1.8590  -0.6787
1860  1.8600  -0.6777
1861  1.8610  -0.6766
1862  1.8620  -0.6755
1863  1.8630  -0.6745
1864  1.8640  -0.6734
1865  1.8650  -0.6723
1866  1.8660  -0.6712
1867  1.8670  -0.6701
1868  1.8680  -0.6690
1869  1.8690  -0.6679
1870  1.8700  -0.6667
1871  1.8710  -0.6656
1872  1.8720  -0.6645
1873  1.8730  -0.6633
1874  1.8740  -0.6622
1875  1.8750  -0.6610
1876  1.8760  -0.6598
1877  1.8770  -0.6586
1878  1.8780  -0.6575
1879  1.8790  -0.6563
1880  1.8800  -0.6551
1881  1.8810  -0.6539
1882  1.8820  -0.6526
1883  1.8830  -0.6514
1884  1.8840  -0.6502
1885  1.8850  -0.6489
1886  1.8860  -0.6477
1887  1.8870  -0.6464
1888  1.8880  -0.6452
1889  1.8890  -0.6439
1890  1.8900  -0.6426
1891  1.8910  -0.6413
1892  1.8920  -0.6400
1893  1.8930  -0.6387
1894  1.8940  -0.6374
1895  1.8950  -0.6361
1896  1.8960  -0.6348
1897  1.8970  -0.6334
1898  1.8980  -0.6321
1899  1.8990  -0.6307
1900  1.9000  -0.6293
1901  1.9010  -0.6279
1902  1.9020  -0.6266
1903  1.9030  -0.6252
1904  1.9040  -0.6237
1905  1.9050  -0.6223
1906  1.9060  -0.6209
1907  1.9070  -0.6195
1908  1.9080  -0.6180
1909  1.9090  -0.6165
1910  1.9100  -0.6151
1911  1.9110  -0.6136
1912  1.9120  -0.6121
1913  1.9130  -0.6106
1914  1.9140  -0.6091
1915  1.9150  -0.6076
1916  1.9160  -0.6060
1917  1.9170  -0.6045
1918  1.9180  -0.6029
1919  1.9190  -0.6013
1920  1.9200  -0.5997
1921  1.9210  -0.5982
1922  1.9220  -0.5965
1923  1.9230  -0.5949
1924  1.9240  -0.5933
1925  1.9250  -0.5916
1926  1.9260  -0.5900
1927  1.9270  -0.5883
1928  1.9280  -0.5866
1929  1.9290  -0.5849
1930  1.9300  -0.5832
1931  1.9310  -0.5815
1932  1.9320  -0.5798
1933  1.9330  -0.5780
1934  1.9340  -0.5762
1935  1.9350  -0.5745
1936  1.9360  -0.5727
1937  1.9370  -0.5709
1938  1.9380  -0.5690
1939  1.9390  -0.5672
1940  1.9400  -0.5653
1941  1.9410  -0.5635
1942  1.9420  -0.5616
1943  1.9430  -0.5597
1944  1.9440  -0.5577
1945  1.9450  -0.5558
1946  1.9460  -0.5539
1947  1.9470  -0.5519
1948  1.9480  -0.5499
1949  1.9490  -0.5479
1950  1.9500  -0.5459
1951  1.9510  -0.5438
1952  1.9520  -0.5418
1953  1.9530  -0.5397
1954  1.9540  -0.5376
1955  1.9550  -0.5355
1956  1.9560  -0.5334
1957  1.9570  -0.5312
1958  1.9580  -0.5290
1959  1.9590  -0.5268
1960  1.9600  -0.5246
1961  1.9610  -0.5224
1962  1.9620  -0.5201
1963  1.9630  -0.5178
1964  1.9640  -0.5155
1965  1.9650  -0.5132
1966  1.9660  -0.5109
1967  1.9670  -0.5085
1968  1.9680  -0.5061
1969  1.9690  -0.5037
1970  1.9700  -0.5012
1971  1.9710  -0.4988
1972  1.9720  -0.4963
1973  1.9730  -0.4938
1974  1.9740  -0.4912
1975  1.9750  -0.4886
1976  1.9760  -0.4860
1977  1.9770  -0.4834
1978  1.9780  -0.4808
1979  1.9790  -0.4781
1980  1.9800  -0.4754
1981  1.9810  -0.4726
1982  1.9820  -0.4698
1983  1.9830  -0.4670
1984  1.9840  -0.4642
1985  1.9850  -0.4613
1986  1.9860  -0.4584
1987  1.9870  -0.4555
1988  1.9880  -0.4525
1989  1.9890  -0.4495
1990  1.9900  -0.4465
1991  1.9910  -0.4434
1992  1.9920  -0.4402
1993  1.9930  -0.4371
1994  1.9940  -0.4339
1995  1.9950  -0.4306
1996  1.9960  -0.4273
1997  1.9970  -0.4240
1998  1.9980  -0.4205
1999  1.9990  -0.4172
2000  2.0000  -0.4137
2001  2.0010  -0.4101
2002  2.0020  -0.4067
2003  2.0030  -0.4029
2004  2.0040  -0.3993
2005  2.0050  -0.3956
2006  2.0060  -0.3917
2007  2.0070  -0.3880
2008  2.0080  -0.3839
2009  2.0090  -0.3801
2010  2.0100  -0.3761
2011  2.0110  -0.3717
2012  2.0120  -0.3679
2013  2.0130  -0.3633
2014  2.0140  -0.3594
2015  2.0150  -0.3545
2016  2.0160  -0.3504
2017  2.0170  -0.3457
2018  2.0180  -0.3412
2019  2.0190  -0.3364
2020  2.0200  -0.3315
2021  2.0210  -0.3264
2022  2.0220  -0.3215
2023  2.0230  -0.3161
2024  2.0240  -0.3113
2025  2.0250  -0.3052
2026  2.0260  -0.3004
2027  2.0270  -0.2942
2028  2.0280  -0.2885
2029  2.0290  -0.2832
2030  2.0300  -0.2766
2031  2.0310  -0.2699
2032  2.0320  -0.2640
2033  2.0330  -0.2578
2034  2.0340  -0.2506
2035  2.0350  -0.2433
2036  2.0360  -0.2361
2037  2.0370  -0.2280
2038  2.0380  -0.2199
2039  2.0390  -0.2196
