   1  0.0010   0.4466E-19
   2  0.0020   0.5256E-19
   3  0.0030   0.5474E-19
   4  0.0040   0.5407E-19
   5  0.0050   0.5285E-19
   6  0.0060   0.5206E-19
   7  0.0070   0.5185E-19
   8  0.0080   0.5205E-19
   9  0.0090   0.5241E-19
  10  0.0100   0.5272E-19
  11  0.0110   0.5288E-19
  12  0.0120   0.5287E-19
  13  0.0130   0.5275E-19
  14  0.0140   0.5260E-19
  15  0.0150   0.5247E-19
  16  0.0160   0.5240E-19
  17  0.0170   0.5240E-19
  18  0.0180   0.5245E-19
  19  0.0190   0.5254E-19
  20  0.0200   0.5263E-19
  21  0.0210   0.5271E-19
  22  0.0220   0.5276E-19
  23  0.0230   0.5278E-19
  24  0.0240   0.5277E-19
  25  0.0250   0.5274E-19
  26  0.0260   0.5271E-19
  27  0.0270   0.5269E-19
  28  0.0280   0.5268E-19
  29  0.0290   0.5270E-19
  30  0.0300   0.5273E-19
  31  0.0310   0.5277E-19
  32  0.0320   0.5282E-19
  33  0.0330   0.5288E-19
  34  0.0340   0.5293E-19
  35  0.0350   0.5297E-19
  36  0.0360   0.5300E-19
  37  0.0370   0.5303E-19
  38  0.0380   0.5304E-19
  39  0.0390   0.5305E-19
  40  0.0400   0.5306E-19
  41  0.0410   0.5307E-19
  42  0.0420   0.5308E-19
  43  0.0430   0.5310E-19
  44  0.0440   0.5312E-19
  45  0.0450   0.5315E-19
  46  0.0460   0.5319E-19
  47  0.0470   0.5323E-19
  48  0.0480   0.5327E-19
  49  0.0490   0.5331E-19
  50  0.0500   0.5335E-19
  51  0.0510   0.5338E-19
  52  0.0520   0.5341E-19
  53  0.0530   0.5344E-19
  54  0.0540   0.5346E-19
  55  0.0550   0.5348E-19
  56  0.0560   0.5350E-19
  57  0.0570   0.5352E-19
  58  0.0580   0.5353E-19
  59  0.0590   0.5355E-19
  60  0.0600   0.5357E-19
  61  0.0610   0.5360E-19
  62  0.0620   0.5362E-19
  63  0.0630   0.5365E-19
  64  0.0640   0.5368E-19
  65  0.0650   0.5371E-19
  66  0.0660   0.5374E-19
  67  0.0670   0.5377E-19
  68  0.0680   0.5380E-19
  69  0.0690   0.5383E-19
  70  0.0700   0.5385E-19
  71  0.0710   0.5388E-19
  72  0.0720   0.5390E-19
  73  0.0730   0.5392E-19
  74  0.0740   0.5393E-19
  75  0.0750   0.5395E-19
  76  0.0760   0.5396E-19
  77  0.0770   0.5398E-19
  78  0.0780   0.5399E-19
  79  0.0790   0.5401E-19
  80  0.0800   0.5403E-19
  81  0.0810   0.5404E-19
  82  0.0820   0.5406E-19
  83  0.0830   0.5408E-19
  84  0.0840   0.5410E-19
  85  0.0850   0.5412E-19
  86  0.0860   0.5415E-19
  87  0.0870   0.5416E-19
  88  0.0880   0.5418E-19
  89  0.0890   0.5420E-19
  90  0.0900   0.5422E-19
  91  0.0910   0.5423E-19
  92  0.0920   0.5424E-19
  93  0.0930   0.5425E-19
  94  0.0940   0.5426E-19
  95  0.0950   0.5427E-19
  96  0.0960   0.5428E-19
  97  0.0970   0.5429E-19
  98  0.0980   0.5430E-19
  99  0.0990   0.5430E-19
 100  0.1000   0.5431E-19
 101  0.1010   0.5432E-19
 102  0.1020   0.5433E-19
 103  0.1030   0.5434E-19
 104  0.1040   0.5435E-19
 105  0.1050   0.5436E-19
 106  0.1060   0.5437E-19
 107  0.1070   0.5437E-19
 108  0.1080   0.5438E-19
 109  0.1090   0.5439E-19
 110  0.1100   0.5440E-19
 111  0.1110   0.5440E-19
 112  0.1120   0.5441E-19
 113  0.1130   0.5441E-19
 114  0.1140   0.5441E-19
 115  0.1150   0.5442E-19
 116  0.1160   0.5442E-19
 117  0.1170   0.5442E-19
 118  0.1180   0.5441E-19
 119  0.1190   0.5441E-19
 120  0.1200   0.5441E-19
 121  0.1210   0.5441E-19
 122  0.1220   0.5441E-19
 123  0.1230   0.5440E-19
 124  0.1240   0.5440E-19
 125  0.1250   0.5440E-19
 126  0.1260   0.5440E-19
 127  0.1270   0.5440E-19
 128  0.1280   0.5439E-19
 129  0.1290   0.5439E-19
 130  0.1300   0.5439E-19
 131  0.1310   0.5439E-19
 132  0.1320   0.5438E-19
 133  0.1330   0.5438E-19
 134  0.1340   0.5437E-19
 135  0.1350   0.5437E-19
 136  0.1360   0.5436E-19
 137  0.1370   0.5435E-19
 138  0.1380   0.5434E-19
 139  0.1390   0.5433E-19
 140  0.1400   0.5432E-19
 141  0.1410   0.5431E-19
 142  0.1420   0.5430E-19
 143  0.1430   0.5429E-19
 144  0.1440   0.5427E-19
 145  0.1450   0.5426E-19
 146  0.1460   0.5425E-19
 147  0.1470   0.5424E-19
 148  0.1480   0.5422E-19
 149  0.1490   0.5421E-19
 150  0.1500   0.5420E-19
 151  0.1510   0.5418E-19
 152  0.1520   0.5417E-19
 153  0.1530   0.5416E-19
 154  0.1540   0.5414E-19
 155  0.1550   0.5413E-19
 156  0.1560   0.5411E-19
 157  0.1570   0.5410E-19
 158  0.1580   0.5408E-19
 159  0.1590   0.5406E-19
 160  0.1600   0.5404E-19
 161  0.1610   0.5403E-19
 162  0.1620   0.5401E-19
 163  0.1630   0.5399E-19
 164  0.1640   0.5397E-19
 165  0.1650   0.5395E-19
 166  0.1660   0.5392E-19
 167  0.1670   0.5390E-19
 168  0.1680   0.5388E-19
 169  0.1690   0.5386E-19
 170  0.1700   0.5383E-19
 171  0.1710   0.5381E-19
 172  0.1720   0.5379E-19
 173  0.1730   0.5376E-19
 174  0.1740   0.5374E-19
 175  0.1750   0.5371E-19
 176  0.1760   0.5369E-19
 177  0.1770   0.5367E-19
 178  0.1780   0.5364E-19
 179  0.1790   0.5362E-19
 180  0.1800   0.5359E-19
 181  0.1810   0.5356E-19
 182  0.1820   0.5354E-19
 183  0.1830   0.5351E-19
 184  0.1840   0.5348E-19
 185  0.1850   0.5346E-19
 186  0.1860   0.5343E-19
 187  0.1870   0.5340E-19
 188  0.1880   0.5337E-19
 189  0.1890   0.5334E-19
 190  0.1900   0.5331E-19
 191  0.1910   0.5328E-19
 192  0.1920   0.5324E-19
 193  0.1930   0.5321E-19
 194  0.1940   0.5318E-19
 195  0.1950   0.5315E-19
 196  0.1960   0.5311E-19
 197  0.1970   0.5308E-19
 198  0.1980   0.5305E-19
 199  0.1990   0.5301E-19
 200  0.2000   0.5298E-19
 201  0.2010   0.5294E-19
 202  0.2020   0.5291E-19
 203  0.2030   0.5287E-19
 204  0.2040   0.5284E-19
 205  0.2050   0.5280E-19
 206  0.2060   0.5277E-19
 207  0.2070   0.5273E-19
 208  0.2080   0.5270E-19
 209  0.2090   0.5266E-19
 210  0.2100   0.5262E-19
 211  0.2110   0.5259E-19
 212  0.2120   0.5255E-19
 213  0.2130   0.5251E-19
 214  0.2140   0.5247E-19
 215  0.2150   0.5243E-19
 216  0.2160   0.5239E-19
 217  0.2170   0.5235E-19
 218  0.2180   0.5231E-19
 219  0.2190   0.5227E-19
 220  0.2200   0.5223E-19
 221  0.2210   0.5219E-19
 222  0.2220   0.5214E-19
 223  0.2230   0.5210E-19
 224  0.2240   0.5206E-19
 225  0.2250   0.5201E-19
 226  0.2260   0.5197E-19
 227  0.2270   0.5193E-19
 228  0.2280   0.5188E-19
 229  0.2290   0.5184E-19
 230  0.2300   0.5180E-19
 231  0.2310   0.5175E-19
 232  0.2320   0.5171E-19
 233  0.2330   0.5166E-19
 234  0.2340   0.5162E-19
 235  0.2350   0.5157E-19
 236  0.2360   0.5153E-19
 237  0.2370   0.5148E-19
 238  0.2380   0.5143E-19
 239  0.2390   0.5139E-19
 240  0.2400   0.5134E-19
 241  0.2410   0.5129E-19
 242  0.2420   0.5125E-19
 243  0.2430   0.5120E-19
 244  0.2440   0.5115E-19
 245  0.2450   0.5110E-19
 246  0.2460   0.5105E-19
 247  0.2470   0.5100E-19
 248  0.2480   0.5095E-19
 249  0.2490   0.5090E-19
 250  0.2500   0.5085E-19
 251  0.2510   0.5080E-19
 252  0.2520   0.5075E-19
 253  0.2530   0.5070E-19
 254  0.2540   0.5064E-19
 255  0.2550   0.5059E-19
 256  0.2560   0.5054E-19
 257  0.2570   0.5049E-19
 258  0.2580   0.5044E-19
 259  0.2590   0.5038E-19
 260  0.2600   0.5033E-19
 261  0.2610   0.5028E-19
 262  0.2620   0.5022E-19
 263  0.2630   0.5017E-19
 264  0.2640   0.5012E-19
 265  0.2650   0.5006E-19
 266  0.2660   0.5001E-19
 267  0.2670   0.4995E-19
 268  0.2680   0.4990E-19
 269  0.2690   0.4984E-19
 270  0.2700   0.4979E-19
 271  0.2710   0.4973E-19
 272  0.2720   0.4968E-19
 273  0.2730   0.4962E-19
 274  0.2740   0.4956E-19
 275  0.2750   0.4951E-19
 276  0.2760   0.4945E-19
 277  0.2770   0.4939E-19
 278  0.2780   0.4933E-19
 279  0.2790   0.4928E-19
 280  0.2800   0.4922E-19
 281  0.2810   0.4916E-19
 282  0.2820   0.4910E-19
 283  0.2830   0.4904E-19
 284  0.2840   0.4898E-19
 285  0.2850   0.4892E-19
 286  0.2860   0.4886E-19
 287  0.2870   0.4881E-19
 288  0.2880   0.4875E-19
 289  0.2890   0.4869E-19
 290  0.2900   0.4863E-19
 291  0.2910   0.4856E-19
 292  0.2920   0.4850E-19
 293  0.2930   0.4844E-19
 294  0.2940   0.4838E-19
 295  0.2950   0.4832E-19
 296  0.2960   0.4826E-19
 297  0.2970   0.4820E-19
 298  0.2980   0.4814E-19
 299  0.2990   0.4807E-19
 300  0.3000   0.4801E-19
 301  0.3010   0.4795E-19
 302  0.3020   0.4789E-19
 303  0.3030   0.4782E-19
 304  0.3040   0.4776E-19
 305  0.3050   0.4770E-19
 306  0.3060   0.4763E-19
 307  0.3070   0.4757E-19
 308  0.3080   0.4751E-19
 309  0.3090   0.4744E-19
 310  0.3100   0.4738E-19
 311  0.3110   0.4731E-19
 312  0.3120   0.4725E-19
 313  0.3130   0.4718E-19
 314  0.3140   0.4712E-19
 315  0.3150   0.4705E-19
 316  0.3160   0.4699E-19
 317  0.3170   0.4692E-19
 318  0.3180   0.4685E-19
 319  0.3190   0.4679E-19
 320  0.3200   0.4672E-19
 321  0.3210   0.4666E-19
 322  0.3220   0.4659E-19
 323  0.3230   0.4652E-19
 324  0.3240   0.4646E-19
 325  0.3250   0.4639E-19
 326  0.3260   0.4632E-19
 327  0.3270   0.4626E-19
 328  0.3280   0.4619E-19
 329  0.3290   0.4612E-19
 330  0.3300   0.4605E-19
 331  0.3310   0.4598E-19
 332  0.3320   0.4592E-19
 333  0.3330   0.4585E-19
 334  0.3340   0.4578E-19
 335  0.3350   0.4571E-19
 336  0.3360   0.4564E-19
 337  0.3370   0.4557E-19
 338  0.3380   0.4550E-19
 339  0.3390   0.4543E-19
 340  0.3400   0.4536E-19
 341  0.3410   0.4529E-19
 342  0.3420   0.4522E-19
 343  0.3430   0.4515E-19
 344  0.3440   0.4508E-19
 345  0.3450   0.4501E-19
 346  0.3460   0.4494E-19
 347  0.3470   0.4487E-19
 348  0.3480   0.4480E-19
 349  0.3490   0.4473E-19
 350  0.3500   0.4466E-19
 351  0.3510   0.4459E-19
 352  0.3520   0.4452E-19
 353  0.3530   0.4445E-19
 354  0.3540   0.4438E-19
 355  0.3550   0.4431E-19
 356  0.3560   0.4423E-19
 357  0.3570   0.4416E-19
 358  0.3580   0.4409E-19
 359  0.3590   0.4402E-19
 360  0.3600   0.4395E-19
 361  0.3610   0.4387E-19
 362  0.3620   0.4380E-19
 363  0.3630   0.4373E-19
 364  0.3640   0.4366E-19
 365  0.3650   0.4358E-19
 366  0.3660   0.4351E-19
 367  0.3670   0.4344E-19
 368  0.3680   0.4337E-19
 369  0.3690   0.4329E-19
 370  0.3700   0.4322E-19
 371  0.3710   0.4315E-19
 372  0.3720   0.4307E-19
 373  0.3730   0.4300E-19
 374  0.3740   0.4292E-19
 375  0.3750   0.4285E-19
 376  0.3760   0.4278E-19
 377  0.3770   0.4270E-19
 378  0.3780   0.4263E-19
 379  0.3790   0.4255E-19
 380  0.3800   0.4248E-19
 381  0.3810   0.4241E-19
 382  0.3820   0.4233E-19
 383  0.3830   0.4226E-19
 384  0.3840   0.4218E-19
 385  0.3850   0.4211E-19
 386  0.3860   0.4203E-19
 387  0.3870   0.4196E-19
 388  0.3880   0.4188E-19
 389  0.3890   0.4181E-19
 390  0.3900   0.4173E-19
 391  0.3910   0.4166E-19
 392  0.3920   0.4158E-19
 393  0.3930   0.4151E-19
 394  0.3940   0.4143E-19
 395  0.3950   0.4136E-19
 396  0.3960   0.4128E-19
 397  0.3970   0.4120E-19
 398  0.3980   0.4113E-19
 399  0.3990   0.4105E-19
 400  0.4000   0.4098E-19
 401  0.4010   0.4090E-19
 402  0.4020   0.4082E-19
 403  0.4030   0.4075E-19
 404  0.4040   0.4067E-19
 405  0.4050   0.4060E-19
 406  0.4060   0.4052E-19
 407  0.4070   0.4044E-19
 408  0.4080   0.4037E-19
 409  0.4090   0.4029E-19
 410  0.4100   0.4021E-19
 411  0.4110   0.4014E-19
 412  0.4120   0.4006E-19
 413  0.4130   0.3998E-19
 414  0.4140   0.3990E-19
 415  0.4150   0.3983E-19
 416  0.4160   0.3975E-19
 417  0.4170   0.3967E-19
 418  0.4180   0.3960E-19
 419  0.4190   0.3952E-19
 420  0.4200   0.3944E-19
 421  0.4210   0.3937E-19
 422  0.4220   0.3929E-19
 423  0.4230   0.3921E-19
 424  0.4240   0.3913E-19
 425  0.4250   0.3906E-19
 426  0.4260   0.3898E-19
 427  0.4270   0.3890E-19
 428  0.4280   0.3882E-19
 429  0.4290   0.3875E-19
 430  0.4300   0.3867E-19
 431  0.4310   0.3859E-19
 432  0.4320   0.3851E-19
 433  0.4330   0.3843E-19
 434  0.4340   0.3836E-19
 435  0.4350   0.3828E-19
 436  0.4360   0.3820E-19
 437  0.4370   0.3812E-19
 438  0.4380   0.3804E-19
 439  0.4390   0.3797E-19
 440  0.4400   0.3789E-19
 441  0.4410   0.3781E-19
 442  0.4420   0.3773E-19
 443  0.4430   0.3765E-19
 444  0.4440   0.3758E-19
 445  0.4450   0.3750E-19
 446  0.4460   0.3742E-19
 447  0.4470   0.3734E-19
 448  0.4480   0.3726E-19
 449  0.4490   0.3719E-19
 450  0.4500   0.3711E-19
 451  0.4510   0.3703E-19
 452  0.4520   0.3695E-19
 453  0.4530   0.3687E-19
 454  0.4540   0.3679E-19
 455  0.4550   0.3672E-19
 456  0.4560   0.3664E-19
 457  0.4570   0.3656E-19
 458  0.4580   0.3648E-19
 459  0.4590   0.3640E-19
 460  0.4600   0.3632E-19
 461  0.4610   0.3625E-19
 462  0.4620   0.3617E-19
 463  0.4630   0.3609E-19
 464  0.4640   0.3601E-19
 465  0.4650   0.3593E-19
 466  0.4660   0.3585E-19
 467  0.4670   0.3577E-19
 468  0.4680   0.3570E-19
 469  0.4690   0.3562E-19
 470  0.4700   0.3554E-19
 471  0.4710   0.3546E-19
 472  0.4720   0.3538E-19
 473  0.4730   0.3530E-19
 474  0.4740   0.3522E-19
 475  0.4750   0.3515E-19
 476  0.4760   0.3507E-19
 477  0.4770   0.3499E-19
 478  0.4780   0.3491E-19
 479  0.4790   0.3483E-19
 480  0.4800   0.3475E-19
 481  0.4810   0.3467E-19
 482  0.4820   0.3460E-19
 483  0.4830   0.3452E-19
 484  0.4840   0.3444E-19
 485  0.4850   0.3436E-19
 486  0.4860   0.3428E-19
 487  0.4870   0.3420E-19
 488  0.4880   0.3413E-19
 489  0.4890   0.3405E-19
 490  0.4900   0.3397E-19
 491  0.4910   0.3389E-19
 492  0.4920   0.3381E-19
 493  0.4930   0.3373E-19
 494  0.4940   0.3366E-19
 495  0.4950   0.3358E-19
 496  0.4960   0.3350E-19
 497  0.4970   0.3342E-19
 498  0.4980   0.3334E-19
 499  0.4990   0.3326E-19
 500  0.5000   0.3319E-19
 501  0.5010   0.3311E-19
 502  0.5020   0.3303E-19
 503  0.5030   0.3295E-19
 504  0.5040   0.3287E-19
 505  0.5050   0.3279E-19
 506  0.5060   0.3272E-19
 507  0.5070   0.3264E-19
 508  0.5080   0.3256E-19
 509  0.5090   0.3248E-19
 510  0.5100   0.3240E-19
 511  0.5110   0.3233E-19
 512  0.5120   0.3225E-19
 513  0.5130   0.3217E-19
 514  0.5140   0.3209E-19
 515  0.5150   0.3202E-19
 516  0.5160   0.3194E-19
 517  0.5170   0.3186E-19
 518  0.5180   0.3178E-19
 519  0.5190   0.3170E-19
 520  0.5200   0.3163E-19
 521  0.5210   0.3155E-19
 522  0.5220   0.3147E-19
 523  0.5230   0.3139E-19
 524  0.5240   0.3132E-19
 525  0.5250   0.3124E-19
 526  0.5260   0.3116E-19
 527  0.5270   0.3108E-19
 528  0.5280   0.3101E-19
 529  0.5290   0.3093E-19
 530  0.5300   0.3085E-19
 531  0.5310   0.3078E-19
 532  0.5320   0.3070E-19
 533  0.5330   0.3062E-19
 534  0.5340   0.3054E-19
 535  0.5350   0.3047E-19
 536  0.5360   0.3039E-19
 537  0.5370   0.3031E-19
 538  0.5380   0.3024E-19
 539  0.5390   0.3016E-19
 540  0.5400   0.3008E-19
 541  0.5410   0.3001E-19
 542  0.5420   0.2993E-19
 543  0.5430   0.2985E-19
 544  0.5440   0.2978E-19
 545  0.5450   0.2970E-19
 546  0.5460   0.2962E-19
 547  0.5470   0.2955E-19
 548  0.5480   0.2947E-19
 549  0.5490   0.2940E-19
 550  0.5500   0.2932E-19
 551  0.5510   0.2924E-19
 552  0.5520   0.2917E-19
 553  0.5530   0.2909E-19
 554  0.5540   0.2901E-19
 555  0.5550   0.2894E-19
 556  0.5560   0.2886E-19
 557  0.5570   0.2879E-19
 558  0.5580   0.2871E-19
 559  0.5590   0.2864E-19
 560  0.5600   0.2856E-19
 561  0.5610   0.2848E-19
 562  0.5620   0.2841E-19
 563  0.5630   0.2833E-19
 564  0.5640   0.2826E-19
 565  0.5650   0.2818E-19
 566  0.5660   0.2811E-19
 567  0.5670   0.2803E-19
 568  0.5680   0.2796E-19
 569  0.5690   0.2788E-19
 570  0.5700   0.2781E-19
 571  0.5710   0.2773E-19
 572  0.5720   0.2766E-19
 573  0.5730   0.2758E-19
 574  0.5740   0.2751E-19
 575  0.5750   0.2743E-19
 576  0.5760   0.2736E-19
 577  0.5770   0.2728E-19
 578  0.5780   0.2721E-19
 579  0.5790   0.2714E-19
 580  0.5800   0.2706E-19
 581  0.5810   0.2699E-19
 582  0.5820   0.2691E-19
 583  0.5830   0.2684E-19
 584  0.5840   0.2677E-19
 585  0.5850   0.2669E-19
 586  0.5860   0.2662E-19
 587  0.5870   0.2654E-19
 588  0.5880   0.2647E-19
 589  0.5890   0.2640E-19
 590  0.5900   0.2632E-19
 591  0.5910   0.2625E-19
 592  0.5920   0.2618E-19
 593  0.5930   0.2610E-19
 594  0.5940   0.2603E-19
 595  0.5950   0.2596E-19
 596  0.5960   0.2588E-19
 597  0.5970   0.2581E-19
 598  0.5980   0.2574E-19
 599  0.5990   0.2567E-19
 600  0.6000   0.2559E-19
 601  0.6010   0.2552E-19
 602  0.6020   0.2545E-19
 603  0.6030   0.2538E-19
 604  0.6040   0.2530E-19
 605  0.6050   0.2523E-19
 606  0.6060   0.2516E-19
 607  0.6070   0.2509E-19
 608  0.6080   0.2501E-19
 609  0.6090   0.2494E-19
 610  0.6100   0.2487E-19
 611  0.6110   0.2480E-19
 612  0.6120   0.2473E-19
 613  0.6130   0.2466E-19
 614  0.6140   0.2458E-19
 615  0.6150   0.2451E-19
 616  0.6160   0.2444E-19
 617  0.6170   0.2437E-19
 618  0.6180   0.2430E-19
 619  0.6190   0.2423E-19
 620  0.6200   0.2416E-19
 621  0.6210   0.2409E-19
 622  0.6220   0.2402E-19
 623  0.6230   0.2395E-19
 624  0.6240   0.2388E-19
 625  0.6250   0.2380E-19
 626  0.6260   0.2373E-19
 627  0.6270   0.2366E-19
 628  0.6280   0.2359E-19
 629  0.6290   0.2352E-19
 630  0.6300   0.2345E-19
 631  0.6310   0.2338E-19
 632  0.6320   0.2331E-19
 633  0.6330   0.2324E-19
 634  0.6340   0.2317E-19
 635  0.6350   0.2311E-19
 636  0.6360   0.2304E-19
 637  0.6370   0.2297E-19
 638  0.6380   0.2290E-19
 639  0.6390   0.2283E-19
 640  0.6400   0.2276E-19
 641  0.6410   0.2269E-19
 642  0.6420   0.2262E-19
 643  0.6430   0.2255E-19
 644  0.6440   0.2248E-19
 645  0.6450   0.2242E-19
 646  0.6460   0.2235E-19
 647  0.6470   0.2228E-19
 648  0.6480   0.2221E-19
 649  0.6490   0.2214E-19
 650  0.6500   0.2207E-19
 651  0.6510   0.2201E-19
 652  0.6520   0.2194E-19
 653  0.6530   0.2187E-19
 654  0.6540   0.2180E-19
 655  0.6550   0.2174E-19
 656  0.6560   0.2167E-19
 657  0.6570   0.2160E-19
 658  0.6580   0.2153E-19
 659  0.6590   0.2147E-19
 660  0.6600   0.2140E-19
 661  0.6610   0.2133E-19
 662  0.6620   0.2127E-19
 663  0.6630   0.2120E-19
 664  0.6640   0.2113E-19
 665  0.6650   0.2107E-19
 666  0.6660   0.2100E-19
 667  0.6670   0.2093E-19
 668  0.6680   0.2087E-19
 669  0.6690   0.2080E-19
 670  0.6700   0.2074E-19
 671  0.6710   0.2067E-19
 672  0.6720   0.2060E-19
 673  0.6730   0.2054E-19
 674  0.6740   0.2047E-19
 675  0.6750   0.2041E-19
 676  0.6760   0.2034E-19
 677  0.6770   0.2028E-19
 678  0.6780   0.2021E-19
 679  0.6790   0.2015E-19
 680  0.6800   0.2008E-19
 681  0.6810   0.2002E-19
 682  0.6820   0.1995E-19
 683  0.6830   0.1989E-19
 684  0.6840   0.1983E-19
 685  0.6850   0.1976E-19
 686  0.6860   0.1970E-19
 687  0.6870   0.1963E-19
 688  0.6880   0.1957E-19
 689  0.6890   0.1951E-19
 690  0.6900   0.1944E-19
 691  0.6910   0.1938E-19
 692  0.6920   0.1931E-19
 693  0.6930   0.1925E-19
 694  0.6940   0.1919E-19
 695  0.6950   0.1912E-19
 696  0.6960   0.1906E-19
 697  0.6970   0.1900E-19
 698  0.6980   0.1894E-19
 699  0.6990   0.1887E-19
 700  0.7000   0.1881E-19
 701  0.7010   0.1875E-19
 702  0.7020   0.1869E-19
 703  0.7030   0.1862E-19
 704  0.7040   0.1856E-19
 705  0.7050   0.1850E-19
 706  0.7060   0.1844E-19
 707  0.7070   0.1838E-19
 708  0.7080   0.1831E-19
 709  0.7090   0.1825E-19
 710  0.7100   0.1819E-19
 711  0.7110   0.1813E-19
 712  0.7120   0.1807E-19
 713  0.7130   0.1801E-19
 714  0.7140   0.1795E-19
 715  0.7150   0.1789E-19
 716  0.7160   0.1783E-19
 717  0.7170   0.1777E-19
 718  0.7180   0.1770E-19
 719  0.7190   0.1764E-19
 720  0.7200   0.1758E-19
 721  0.7210   0.1752E-19
 722  0.7220   0.1746E-19
 723  0.7230   0.1740E-19
 724  0.7240   0.1734E-19
 725  0.7250   0.1728E-19
 726  0.7260   0.1723E-19
 727  0.7270   0.1717E-19
 728  0.7280   0.1711E-19
 729  0.7290   0.1705E-19
 730  0.7300   0.1699E-19
 731  0.7310   0.1693E-19
 732  0.7320   0.1687E-19
 733  0.7330   0.1681E-19
 734  0.7340   0.1675E-19
 735  0.7350   0.1670E-19
 736  0.7360   0.1664E-19
 737  0.7370   0.1658E-19
 738  0.7380   0.1652E-19
 739  0.7390   0.1646E-19
 740  0.7400   0.1640E-19
 741  0.7410   0.1635E-19
 742  0.7420   0.1629E-19
 743  0.7430   0.1623E-19
 744  0.7440   0.1617E-19
 745  0.7450   0.1612E-19
 746  0.7460   0.1606E-19
 747  0.7470   0.1600E-19
 748  0.7480   0.1595E-19
 749  0.7490   0.1589E-19
 750  0.7500   0.1583E-19
 751  0.7510   0.1578E-19
 752  0.7520   0.1572E-19
 753  0.7530   0.1566E-19
 754  0.7540   0.1561E-19
 755  0.7550   0.1555E-19
 756  0.7560   0.1550E-19
 757  0.7570   0.1544E-19
 758  0.7580   0.1538E-19
 759  0.7590   0.1533E-19
 760  0.7600   0.1527E-19
 761  0.7610   0.1522E-19
 762  0.7620   0.1516E-19
 763  0.7630   0.1511E-19
 764  0.7640   0.1505E-19
 765  0.7650   0.1500E-19
 766  0.7660   0.1494E-19
 767  0.7670   0.1489E-19
 768  0.7680   0.1484E-19
 769  0.7690   0.1478E-19
 770  0.7700   0.1473E-19
 771  0.7710   0.1467E-19
 772  0.7720   0.1462E-19
 773  0.7730   0.1456E-19
 774  0.7740   0.1451E-19
 775  0.7750   0.1446E-19
 776  0.7760   0.1440E-19
 777  0.7770   0.1435E-19
 778  0.7780   0.1430E-19
 779  0.7790   0.1424E-19
 780  0.7800   0.1419E-19
 781  0.7810   0.1414E-19
 782  0.7820   0.1409E-19
 783  0.7830   0.1403E-19
 784  0.7840   0.1398E-19
 785  0.7850   0.1393E-19
 786  0.7860   0.1388E-19
 787  0.7870   0.1382E-19
 788  0.7880   0.1377E-19
 789  0.7890   0.1372E-19
 790  0.7900   0.1367E-19
 791  0.7910   0.1362E-19
 792  0.7920   0.1357E-19
 793  0.7930   0.1351E-19
 794  0.7940   0.1346E-19
 795  0.7950   0.1341E-19
 796  0.7960   0.1336E-19
 797  0.7970   0.1331E-19
 798  0.7980   0.1326E-19
 799  0.7990   0.1321E-19
 800  0.8000   0.1316E-19
 801  0.8010   0.1311E-19
 802  0.8020   0.1306E-19
 803  0.8030   0.1301E-19
 804  0.8040   0.1296E-19
 805  0.8050   0.1291E-19
 806  0.8060   0.1286E-19
 807  0.8070   0.1281E-19
 808  0.8080   0.1276E-19
 809  0.8090   0.1271E-19
 810  0.8100   0.1266E-19
 811  0.8110   0.1261E-19
 812  0.8120   0.1256E-19
 813  0.8130   0.1251E-19
 814  0.8140   0.1247E-19
 815  0.8150   0.1242E-19
 816  0.8160   0.1237E-19
 817  0.8170   0.1232E-19
 818  0.8180   0.1227E-19
 819  0.8190   0.1222E-19
 820  0.8200   0.1218E-19
 821  0.8210   0.1213E-19
 822  0.8220   0.1208E-19
 823  0.8230   0.1203E-19
 824  0.8240   0.1199E-19
 825  0.8250   0.1194E-19
 826  0.8260   0.1189E-19
 827  0.8270   0.1184E-19
 828  0.8280   0.1180E-19
 829  0.8290   0.1175E-19
 830  0.8300   0.1170E-19
 831  0.8310   0.1166E-19
 832  0.8320   0.1161E-19
 833  0.8330   0.1156E-19
 834  0.8340   0.1152E-19
 835  0.8350   0.1147E-19
 836  0.8360   0.1143E-19
 837  0.8370   0.1138E-19
 838  0.8380   0.1133E-19
 839  0.8390   0.1129E-19
 840  0.8400   0.1124E-19
 841  0.8410   0.1120E-19
 842  0.8420   0.1115E-19
 843  0.8430   0.1111E-19
 844  0.8440   0.1106E-19
 845  0.8450   0.1102E-19
 846  0.8460   0.1097E-19
 847  0.8470   0.1093E-19
 848  0.8480   0.1088E-19
 849  0.8490   0.1084E-19
 850  0.8500   0.1079E-19
 851  0.8510   0.1075E-19
 852  0.8520   0.1071E-19
 853  0.8530   0.1066E-19
 854  0.8540   0.1062E-19
 855  0.8550   0.1057E-19
 856  0.8560   0.1053E-19
 857  0.8570   0.1049E-19
 858  0.8580   0.1044E-19
 859  0.8590   0.1040E-19
 860  0.8600   0.1036E-19
 861  0.8610   0.1031E-19
 862  0.8620   0.1027E-19
 863  0.8630   0.1023E-19
 864  0.8640   0.1019E-19
 865  0.8650   0.1014E-19
 866  0.8660   0.1010E-19
 867  0.8670   0.1006E-19
 868  0.8680   0.1002E-19
 869  0.8690   0.9975E-20
 870  0.8700   0.9933E-20
 871  0.8710   0.9892E-20
 872  0.8720   0.9850E-20
 873  0.8730   0.9809E-20
 874  0.8740   0.9767E-20
 875  0.8750   0.9726E-20
 876  0.8760   0.9685E-20
 877  0.8770   0.9644E-20
 878  0.8780   0.9603E-20
 879  0.8790   0.9562E-20
 880  0.8800   0.9521E-20
 881  0.8810   0.9481E-20
 882  0.8820   0.9440E-20
 883  0.8830   0.9400E-20
 884  0.8840   0.9360E-20
 885  0.8850   0.9320E-20
 886  0.8860   0.9280E-20
 887  0.8870   0.9240E-20
 888  0.8880   0.9200E-20
 889  0.8890   0.9161E-20
 890  0.8900   0.9121E-20
 891  0.8910   0.9082E-20
 892  0.8920   0.9043E-20
 893  0.8930   0.9003E-20
 894  0.8940   0.8964E-20
 895  0.8950   0.8926E-20
 896  0.8960   0.8887E-20
 897  0.8970   0.8848E-20
 898  0.8980   0.8810E-20
 899  0.8990   0.8771E-20
 900  0.9000   0.8733E-20
 901  0.9010   0.8695E-20
 902  0.9020   0.8657E-20
 903  0.9030   0.8619E-20
 904  0.9040   0.8581E-20
 905  0.9050   0.8543E-20
 906  0.9060   0.8506E-20
 907  0.9070   0.8468E-20
 908  0.9080   0.8431E-20
 909  0.9090   0.8393E-20
 910  0.9100   0.8356E-20
 911  0.9110   0.8319E-20
 912  0.9120   0.8282E-20
 913  0.9130   0.8246E-20
 914  0.9140   0.8209E-20
 915  0.9150   0.8172E-20
 916  0.9160   0.8136E-20
 917  0.9170   0.8099E-20
 918  0.9180   0.8063E-20
 919  0.9190   0.8027E-20
 920  0.9200   0.7991E-20
 921  0.9210   0.7955E-20
 922  0.9220   0.7920E-20
 923  0.9230   0.7884E-20
 924  0.9240   0.7848E-20
 925  0.9250   0.7813E-20
 926  0.9260   0.7778E-20
 927  0.9270   0.7742E-20
 928  0.9280   0.7707E-20
 929  0.9290   0.7672E-20
 930  0.9300   0.7638E-20
 931  0.9310   0.7603E-20
 932  0.9320   0.7568E-20
 933  0.9330   0.7534E-20
 934  0.9340   0.7499E-20
 935  0.9350   0.7465E-20
 936  0.9360   0.7431E-20
 937  0.9370   0.7397E-20
 938  0.9380   0.7363E-20
 939  0.9390   0.7329E-20
 940  0.9400   0.7295E-20
 941  0.9410   0.7262E-20
 942  0.9420   0.7228E-20
 943  0.9430   0.7195E-20
 944  0.9440   0.7161E-20
 945  0.9450   0.7128E-20
 946  0.9460   0.7095E-20
 947  0.9470   0.7062E-20
 948  0.9480   0.7029E-20
 949  0.9490   0.6997E-20
 950  0.9500   0.6964E-20
 951  0.9510   0.6931E-20
 952  0.9520   0.6899E-20
 953  0.9530   0.6867E-20
 954  0.9540   0.6834E-20
 955  0.9550   0.6802E-20
 956  0.9560   0.6770E-20
 957  0.9570   0.6739E-20
 958  0.9580   0.6707E-20
 959  0.9590   0.6675E-20
 960  0.9600   0.6644E-20
 961  0.9610   0.6612E-20
 962  0.9620   0.6581E-20
 963  0.9630   0.6550E-20
 964  0.9640   0.6518E-20
 965  0.9650   0.6487E-20
 966  0.9660   0.6457E-20
 967  0.9670   0.6426E-20
 968  0.9680   0.6395E-20
 969  0.9690   0.6365E-20
 970  0.9700   0.6334E-20
 971  0.9710   0.6304E-20
 972  0.9720   0.6273E-20
 973  0.9730   0.6243E-20
 974  0.9740   0.6213E-20
 975  0.9750   0.6183E-20
 976  0.9760   0.6153E-20
 977  0.9770   0.6124E-20
 978  0.9780   0.6094E-20
 979  0.9790   0.6065E-20
 980  0.9800   0.6035E-20
 981  0.9810   0.6006E-20
 982  0.9820   0.5977E-20
 983  0.9830   0.5948E-20
 984  0.9840   0.5919E-20
 985  0.9850   0.5890E-20
 986  0.9860   0.5861E-20
 987  0.9870   0.5832E-20
 988  0.9880   0.5804E-20
 989  0.9890   0.5775E-20
 990  0.9900   0.5747E-20
 991  0.9910   0.5718E-20
 992  0.9920   0.5690E-20
 993  0.9930   0.5662E-20
 994  0.9940   0.5634E-20
 995  0.9950   0.5606E-20
 996  0.9960   0.5578E-20
 997  0.9970   0.5551E-20
 998  0.9980   0.5523E-20
 999  0.9990   0.5496E-20
1000  1.0000   0.5468E-20
1001  1.0010   0.5441E-20
1002  1.0020   0.5414E-20
1003  1.0030   0.5387E-20
1004  1.0040   0.5360E-20
1005  1.0050   0.5333E-20
1006  1.0060   0.5306E-20
1007  1.0070   0.5280E-20
1008  1.0080   0.5253E-20
1009  1.0090   0.5227E-20
1010  1.0100   0.5200E-20
1011  1.0110   0.5174E-20
1012  1.0120   0.5148E-20
1013  1.0130   0.5122E-20
1014  1.0140   0.5096E-20
1015  1.0150   0.5070E-20
1016  1.0160   0.5044E-20
1017  1.0170   0.5018E-20
1018  1.0180   0.4993E-20
1019  1.0190   0.4967E-20
1020  1.0200   0.4942E-20
1021  1.0210   0.4917E-20
1022  1.0220   0.4891E-20
1023  1.0230   0.4866E-20
1024  1.0240   0.4841E-20
1025  1.0250   0.4816E-20
1026  1.0260   0.4792E-20
1027  1.0270   0.4767E-20
1028  1.0280   0.4742E-20
1029  1.0290   0.4718E-20
1030  1.0300   0.4693E-20
1031  1.0310   0.4669E-20
1032  1.0320   0.4645E-20
1033  1.0330   0.4620E-20
1034  1.0340   0.4596E-20
1035  1.0350   0.4572E-20
1036  1.0360   0.4549E-20
1037  1.0370   0.4525E-20
1038  1.0380   0.4501E-20
1039  1.0390   0.4477E-20
1040  1.0400   0.4454E-20
1041  1.0410   0.4431E-20
1042  1.0420   0.4407E-20
1043  1.0430   0.4384E-20
1044  1.0440   0.4361E-20
1045  1.0450   0.4338E-20
1046  1.0460   0.4315E-20
1047  1.0470   0.4292E-20
1048  1.0480   0.4269E-20
1049  1.0490   0.4247E-20
1050  1.0500   0.4224E-20
1051  1.0510   0.4201E-20
1052  1.0520   0.4179E-20
1053  1.0530   0.4157E-20
1054  1.0540   0.4135E-20
1055  1.0550   0.4112E-20
1056  1.0560   0.4090E-20
1057  1.0570   0.4068E-20
1058  1.0580   0.4046E-20
1059  1.0590   0.4025E-20
1060  1.0600   0.4003E-20
1061  1.0610   0.3981E-20
1062  1.0620   0.3960E-20
1063  1.0630   0.3938E-20
1064  1.0640   0.3917E-20
1065  1.0650   0.3896E-20
1066  1.0660   0.3875E-20
1067  1.0670   0.3854E-20
1068  1.0680   0.3833E-20
1069  1.0690   0.3812E-20
1070  1.0700   0.3791E-20
1071  1.0710   0.3770E-20
1072  1.0720   0.3749E-20
1073  1.0730   0.3729E-20
1074  1.0740   0.3708E-20
1075  1.0750   0.3688E-20
1076  1.0760   0.3668E-20
1077  1.0770   0.3648E-20
1078  1.0780   0.3627E-20
1079  1.0790   0.3607E-20
1080  1.0800   0.3587E-20
1081  1.0810   0.3567E-20
1082  1.0820   0.3548E-20
1083  1.0830   0.3528E-20
1084  1.0840   0.3508E-20
1085  1.0850   0.3489E-20
1086  1.0860   0.3469E-20
1087  1.0870   0.3450E-20
1088  1.0880   0.3431E-20
1089  1.0890   0.3411E-20
1090  1.0900   0.3392E-20
1091  1.0910   0.3373E-20
1092  1.0920   0.3354E-20
1093  1.0930   0.3335E-20
1094  1.0940   0.3316E-20
1095  1.0950   0.3298E-20
1096  1.0960   0.3279E-20
1097  1.0970   0.3261E-20
1098  1.0980   0.3242E-20
1099  1.0990   0.3224E-20
1100  1.1000   0.3205E-20
1101  1.1010   0.3187E-20
1102  1.1020   0.3169E-20
1103  1.1030   0.3151E-20
1104  1.1040   0.3133E-20
1105  1.1050   0.3115E-20
1106  1.1060   0.3097E-20
1107  1.1070   0.3079E-20
1108  1.1080   0.3061E-20
1109  1.1090   0.3044E-20
1110  1.1100   0.3026E-20
1111  1.1110   0.3009E-20
1112  1.1120   0.2991E-20
1113  1.1130   0.2974E-20
1114  1.1140   0.2957E-20
1115  1.1150   0.2940E-20
1116  1.1160   0.2923E-20
1117  1.1170   0.2906E-20
1118  1.1180   0.2889E-20
1119  1.1190   0.2872E-20
1120  1.1200   0.2855E-20
1121  1.1210   0.2838E-20
1122  1.1220   0.2822E-20
1123  1.1230   0.2805E-20
1124  1.1240   0.2789E-20
1125  1.1250   0.2772E-20
1126  1.1260   0.2756E-20
1127  1.1270   0.2740E-20
1128  1.1280   0.2724E-20
1129  1.1290   0.2707E-20
1130  1.1300   0.2691E-20
1131  1.1310   0.2675E-20
1132  1.1320   0.2660E-20
1133  1.1330   0.2644E-20
1134  1.1340   0.2628E-20
1135  1.1350   0.2612E-20
1136  1.1360   0.2597E-20
1137  1.1370   0.2581E-20
1138  1.1380   0.2566E-20
1139  1.1390   0.2550E-20
1140  1.1400   0.2535E-20
1141  1.1410   0.2520E-20
1142  1.1420   0.2505E-20
1143  1.1430   0.2490E-20
1144  1.1440   0.2474E-20
1145  1.1450   0.2460E-20
1146  1.1460   0.2445E-20
1147  1.1470   0.2430E-20
1148  1.1480   0.2415E-20
1149  1.1490   0.2400E-20
1150  1.1500   0.2386E-20
1151  1.1510   0.2371E-20
1152  1.1520   0.2357E-20
1153  1.1530   0.2342E-20
1154  1.1540   0.2328E-20
1155  1.1550   0.2314E-20
1156  1.1560   0.2300E-20
1157  1.1570   0.2285E-20
1158  1.1580   0.2271E-20
1159  1.1590   0.2257E-20
1160  1.1600   0.2243E-20
1161  1.1610   0.2230E-20
1162  1.1620   0.2216E-20
1163  1.1630   0.2202E-20
1164  1.1640   0.2188E-20
1165  1.1650   0.2175E-20
1166  1.1660   0.2161E-20
1167  1.1670   0.2148E-20
1168  1.1680   0.2134E-20
1169  1.1690   0.2121E-20
1170  1.1700   0.2108E-20
1171  1.1710   0.2094E-20
1172  1.1720   0.2081E-20
1173  1.1730   0.2068E-20
1174  1.1740   0.2055E-20
1175  1.1750   0.2042E-20
1176  1.1760   0.2029E-20
1177  1.1770   0.2017E-20
1178  1.1780   0.2004E-20
1179  1.1790   0.1991E-20
1180  1.1800   0.1978E-20
1181  1.1810   0.1966E-20
1182  1.1820   0.1953E-20
1183  1.1830   0.1941E-20
1184  1.1840   0.1929E-20
1185  1.1850   0.1916E-20
1186  1.1860   0.1904E-20
1187  1.1870   0.1892E-20
1188  1.1880   0.1880E-20
1189  1.1890   0.1868E-20
1190  1.1900   0.1856E-20
1191  1.1910   0.1844E-20
1192  1.1920   0.1832E-20
1193  1.1930   0.1820E-20
1194  1.1940   0.1808E-20
1195  1.1950   0.1796E-20
1196  1.1960   0.1785E-20
1197  1.1970   0.1773E-20
1198  1.1980   0.1761E-20
1199  1.1990   0.1750E-20
1200  1.2000   0.1739E-20
1201  1.2010   0.1727E-20
1202  1.2020   0.1716E-20
1203  1.2030   0.1705E-20
1204  1.2040   0.1693E-20
1205  1.2050   0.1682E-20
1206  1.2060   0.1671E-20
1207  1.2070   0.1660E-20
1208  1.2080   0.1649E-20
1209  1.2090   0.1638E-20
1210  1.2100   0.1628E-20
1211  1.2110   0.1617E-20
1212  1.2120   0.1606E-20
1213  1.2130   0.1595E-20
1214  1.2140   0.1585E-20
1215  1.2150   0.1574E-20
1216  1.2160   0.1564E-20
1217  1.2170   0.1553E-20
1218  1.2180   0.1543E-20
1219  1.2190   0.1532E-20
1220  1.2200   0.1522E-20
1221  1.2210   0.1512E-20
1222  1.2220   0.1502E-20
1223  1.2230   0.1492E-20
1224  1.2240   0.1481E-20
1225  1.2250   0.1471E-20
1226  1.2260   0.1461E-20
1227  1.2270   0.1452E-20
1228  1.2280   0.1442E-20
1229  1.2290   0.1432E-20
1230  1.2300   0.1422E-20
1231  1.2310   0.1412E-20
1232  1.2320   0.1403E-20
1233  1.2330   0.1393E-20
1234  1.2340   0.1384E-20
1235  1.2350   0.1374E-20
1236  1.2360   0.1365E-20
1237  1.2370   0.1355E-20
1238  1.2380   0.1346E-20
1239  1.2390   0.1337E-20
1240  1.2400   0.1327E-20
1241  1.2410   0.1318E-20
1242  1.2420   0.1309E-20
1243  1.2430   0.1300E-20
1244  1.2440   0.1291E-20
1245  1.2450   0.1282E-20
1246  1.2460   0.1273E-20
1247  1.2470   0.1264E-20
1248  1.2480   0.1255E-20
1249  1.2490   0.1246E-20
1250  1.2500   0.1238E-20
1251  1.2510   0.1229E-20
1252  1.2520   0.1220E-20
1253  1.2530   0.1212E-20
1254  1.2540   0.1203E-20
1255  1.2550   0.1195E-20
1256  1.2560   0.1186E-20
1257  1.2570   0.1178E-20
1258  1.2580   0.1169E-20
1259  1.2590   0.1161E-20
1260  1.2600   0.1153E-20
1261  1.2610   0.1145E-20
1262  1.2620   0.1136E-20
1263  1.2630   0.1128E-20
1264  1.2640   0.1120E-20
1265  1.2650   0.1112E-20
1266  1.2660   0.1104E-20
1267  1.2670   0.1096E-20
1268  1.2680   0.1088E-20
1269  1.2690   0.1080E-20
1270  1.2700   0.1073E-20
1271  1.2710   0.1065E-20
1272  1.2720   0.1057E-20
1273  1.2730   0.1050E-20
1274  1.2740   0.1042E-20
1275  1.2750   0.1034E-20
1276  1.2760   0.1027E-20
1277  1.2770   0.1019E-20
1278  1.2780   0.1012E-20
1279  1.2790   0.1004E-20
1280  1.2800   0.9970E-21
1281  1.2810   0.9897E-21
1282  1.2820   0.9824E-21
1283  1.2830   0.9752E-21
1284  1.2840   0.9680E-21
1285  1.2850   0.9608E-21
1286  1.2860   0.9537E-21
1287  1.2870   0.9466E-21
1288  1.2880   0.9396E-21
1289  1.2890   0.9326E-21
1290  1.2900   0.9256E-21
1291  1.2910   0.9187E-21
1292  1.2920   0.9119E-21
1293  1.2930   0.9050E-21
1294  1.2940   0.8983E-21
1295  1.2950   0.8915E-21
1296  1.2960   0.8848E-21
1297  1.2970   0.8781E-21
1298  1.2980   0.8715E-21
1299  1.2990   0.8649E-21
1300  1.3000   0.8584E-21
1301  1.3010   0.8519E-21
1302  1.3020   0.8454E-21
1303  1.3030   0.8390E-21
1304  1.3040   0.8326E-21
1305  1.3050   0.8263E-21
1306  1.3060   0.8200E-21
1307  1.3070   0.8137E-21
1308  1.3080   0.8075E-21
1309  1.3090   0.8013E-21
1310  1.3100   0.7951E-21
1311  1.3110   0.7890E-21
1312  1.3120   0.7829E-21
1313  1.3130   0.7769E-21
1314  1.3140   0.7709E-21
1315  1.3150   0.7649E-21
1316  1.3160   0.7590E-21
1317  1.3170   0.7531E-21
1318  1.3180   0.7472E-21
1319  1.3190   0.7414E-21
1320  1.3200   0.7356E-21
1321  1.3210   0.7298E-21
1322  1.3220   0.7241E-21
1323  1.3230   0.7185E-21
1324  1.3240   0.7128E-21
1325  1.3250   0.7072E-21
1326  1.3260   0.7016E-21
1327  1.3270   0.6961E-21
1328  1.3280   0.6906E-21
1329  1.3290   0.6851E-21
1330  1.3300   0.6797E-21
1331  1.3310   0.6743E-21
1332  1.3320   0.6689E-21
1333  1.3330   0.6636E-21
1334  1.3340   0.6583E-21
1335  1.3350   0.6531E-21
1336  1.3360   0.6478E-21
1337  1.3370   0.6426E-21
1338  1.3380   0.6375E-21
1339  1.3390   0.6323E-21
1340  1.3400   0.6273E-21
1341  1.3410   0.6222E-21
1342  1.3420   0.6172E-21
1343  1.3430   0.6122E-21
1344  1.3440   0.6072E-21
1345  1.3450   0.6023E-21
1346  1.3460   0.5974E-21
1347  1.3470   0.5925E-21
1348  1.3480   0.5877E-21
1349  1.3490   0.5829E-21
1350  1.3500   0.5781E-21
1351  1.3510   0.5734E-21
1352  1.3520   0.5687E-21
1353  1.3530   0.5640E-21
1354  1.3540   0.5593E-21
1355  1.3550   0.5547E-21
1356  1.3560   0.5501E-21
1357  1.3570   0.5456E-21
1358  1.3580   0.5411E-21
1359  1.3590   0.5366E-21
1360  1.3600   0.5321E-21
1361  1.3610   0.5277E-21
1362  1.3620   0.5233E-21
1363  1.3630   0.5189E-21
1364  1.3640   0.5145E-21
1365  1.3650   0.5102E-21
1366  1.3660   0.5059E-21
1367  1.3670   0.5017E-21
1368  1.3680   0.4975E-21
1369  1.3690   0.4933E-21
1370  1.3700   0.4891E-21
1371  1.3710   0.4849E-21
1372  1.3720   0.4808E-21
1373  1.3730   0.4767E-21
1374  1.3740   0.4727E-21
1375  1.3750   0.4686E-21
1376  1.3760   0.4646E-21
1377  1.3770   0.4607E-21
1378  1.3780   0.4567E-21
1379  1.3790   0.4528E-21
1380  1.3800   0.4489E-21
1381  1.3810   0.4450E-21
1382  1.3820   0.4412E-21
1383  1.3830   0.4374E-21
1384  1.3840   0.4336E-21
1385  1.3850   0.4298E-21
1386  1.3860   0.4261E-21
1387  1.3870   0.4224E-21
1388  1.3880   0.4187E-21
1389  1.3890   0.4151E-21
1390  1.3900   0.4114E-21
1391  1.3910   0.4078E-21
1392  1.3920   0.4043E-21
1393  1.3930   0.4007E-21
1394  1.3940   0.3972E-21
1395  1.3950   0.3937E-21
1396  1.3960   0.3902E-21
1397  1.3970   0.3867E-21
1398  1.3980   0.3833E-21
1399  1.3990   0.3799E-21
1400  1.4000   0.3765E-21
1401  1.4010   0.3732E-21
1402  1.4020   0.3698E-21
1403  1.4030   0.3665E-21
1404  1.4040   0.3633E-21
1405  1.4050   0.3600E-21
1406  1.4060   0.3568E-21
1407  1.4070   0.3535E-21
1408  1.4080   0.3504E-21
1409  1.4090   0.3472E-21
1410  1.4100   0.3441E-21
1411  1.4110   0.3409E-21
1412  1.4120   0.3378E-21
1413  1.4130   0.3348E-21
1414  1.4140   0.3317E-21
1415  1.4150   0.3287E-21
1416  1.4160   0.3257E-21
1417  1.4170   0.3227E-21
1418  1.4180   0.3197E-21
1419  1.4190   0.3168E-21
1420  1.4200   0.3139E-21
1421  1.4210   0.3110E-21
1422  1.4220   0.3081E-21
1423  1.4230   0.3053E-21
1424  1.4240   0.3024E-21
1425  1.4250   0.2996E-21
1426  1.4260   0.2968E-21
1427  1.4270   0.2941E-21
1428  1.4280   0.2913E-21
1429  1.4290   0.2886E-21
1430  1.4300   0.2859E-21
1431  1.4310   0.2832E-21
1432  1.4320   0.2805E-21
1433  1.4330   0.2779E-21
1434  1.4340   0.2753E-21
1435  1.4350   0.2727E-21
1436  1.4360   0.2701E-21
1437  1.4370   0.2675E-21
1438  1.4380   0.2650E-21
1439  1.4390   0.2625E-21
1440  1.4400   0.2600E-21
1441  1.4410   0.2575E-21
1442  1.4420   0.2550E-21
1443  1.4430   0.2526E-21
1444  1.4440   0.2501E-21
1445  1.4450   0.2477E-21
1446  1.4460   0.2453E-21
1447  1.4470   0.2430E-21
1448  1.4480   0.2406E-21
1449  1.4490   0.2383E-21
1450  1.4500   0.2360E-21
1451  1.4510   0.2337E-21
1452  1.4520   0.2314E-21
1453  1.4530   0.2291E-21
1454  1.4540   0.2269E-21
1455  1.4550   0.2247E-21
1456  1.4560   0.2225E-21
1457  1.4570   0.2203E-21
1458  1.4580   0.2181E-21
1459  1.4590   0.2159E-21
1460  1.4600   0.2138E-21
1461  1.4610   0.2117E-21
1462  1.4620   0.2096E-21
1463  1.4630   0.2075E-21
1464  1.4640   0.2054E-21
1465  1.4650   0.2034E-21
1466  1.4660   0.2013E-21
1467  1.4670   0.1993E-21
1468  1.4680   0.1973E-21
1469  1.4690   0.1953E-21
1470  1.4700   0.1934E-21
1471  1.4710   0.1914E-21
1472  1.4720   0.1895E-21
1473  1.4730   0.1876E-21
1474  1.4740   0.1856E-21
1475  1.4750   0.1838E-21
1476  1.4760   0.1819E-21
1477  1.4770   0.1800E-21
1478  1.4780   0.1782E-21
1479  1.4790   0.1764E-21
1480  1.4800   0.1745E-21
1481  1.4810   0.1727E-21
1482  1.4820   0.1710E-21
1483  1.4830   0.1692E-21
1484  1.4840   0.1674E-21
1485  1.4850   0.1657E-21
1486  1.4860   0.1640E-21
1487  1.4870   0.1623E-21
1488  1.4880   0.1606E-21
1489  1.4890   0.1589E-21
1490  1.4900   0.1572E-21
1491  1.4910   0.1556E-21
1492  1.4920   0.1540E-21
1493  1.4930   0.1523E-21
1494  1.4940   0.1507E-21
1495  1.4950   0.1491E-21
1496  1.4960   0.1476E-21
1497  1.4970   0.1460E-21
1498  1.4980   0.1444E-21
1499  1.4990   0.1429E-21
1500  1.5000   0.1414E-21
1501  1.5010   0.1399E-21
1502  1.5020   0.1384E-21
1503  1.5030   0.1369E-21
1504  1.5040   0.1354E-21
1505  1.5050   0.1339E-21
1506  1.5060   0.1325E-21
1507  1.5070   0.1311E-21
1508  1.5080   0.1296E-21
1509  1.5090   0.1282E-21
1510  1.5100   0.1268E-21
1511  1.5110   0.1254E-21
1512  1.5120   0.1241E-21
1513  1.5130   0.1227E-21
1514  1.5140   0.1214E-21
1515  1.5150   0.1200E-21
1516  1.5160   0.1187E-21
1517  1.5170   0.1174E-21
1518  1.5180   0.1161E-21
1519  1.5190   0.1148E-21
1520  1.5200   0.1135E-21
1521  1.5210   0.1123E-21
1522  1.5220   0.1110E-21
1523  1.5230   0.1098E-21
1524  1.5240   0.1085E-21
1525  1.5250   0.1073E-21
1526  1.5260   0.1061E-21
1527  1.5270   0.1049E-21
1528  1.5280   0.1037E-21
1529  1.5290   0.1026E-21
1530  1.5300   0.1014E-21
1531  1.5310   0.1002E-21
1532  1.5320   0.9909E-22
1533  1.5330   0.9796E-22
1534  1.5340   0.9684E-22
1535  1.5350   0.9573E-22
1536  1.5360   0.9463E-22
1537  1.5370   0.9354E-22
1538  1.5380   0.9246E-22
1539  1.5390   0.9139E-22
1540  1.5400   0.9033E-22
1541  1.5410   0.8928E-22
1542  1.5420   0.8825E-22
1543  1.5430   0.8722E-22
1544  1.5440   0.8620E-22
1545  1.5450   0.8519E-22
1546  1.5460   0.8419E-22
1547  1.5470   0.8320E-22
1548  1.5480   0.8222E-22
1549  1.5490   0.8125E-22
1550  1.5500   0.8029E-22
1551  1.5510   0.7933E-22
1552  1.5520   0.7839E-22
1553  1.5530   0.7746E-22
1554  1.5540   0.7653E-22
1555  1.5550   0.7562E-22
1556  1.5560   0.7471E-22
1557  1.5570   0.7381E-22
1558  1.5580   0.7292E-22
1559  1.5590   0.7204E-22
1560  1.5600   0.7117E-22
1561  1.5610   0.7031E-22
1562  1.5620   0.6946E-22
1563  1.5630   0.6861E-22
1564  1.5640   0.6777E-22
1565  1.5650   0.6695E-22
1566  1.5660   0.6613E-22
1567  1.5670   0.6531E-22
1568  1.5680   0.6451E-22
1569  1.5690   0.6371E-22
1570  1.5700   0.6293E-22
1571  1.5710   0.6215E-22
1572  1.5720   0.6137E-22
1573  1.5730   0.6061E-22
1574  1.5740   0.5985E-22
1575  1.5750   0.5911E-22
1576  1.5760   0.5837E-22
1577  1.5770   0.5763E-22
1578  1.5780   0.5691E-22
1579  1.5790   0.5619E-22
1580  1.5800   0.5548E-22
1581  1.5810   0.5478E-22
1582  1.5820   0.5408E-22
1583  1.5830   0.5339E-22
1584  1.5840   0.5271E-22
1585  1.5850   0.5204E-22
1586  1.5860   0.5137E-22
1587  1.5870   0.5071E-22
1588  1.5880   0.5006E-22
1589  1.5890   0.4941E-22
1590  1.5900   0.4877E-22
1591  1.5910   0.4814E-22
1592  1.5920   0.4751E-22
1593  1.5930   0.4690E-22
1594  1.5940   0.4628E-22
1595  1.5950   0.4568E-22
1596  1.5960   0.4508E-22
1597  1.5970   0.4449E-22
1598  1.5980   0.4390E-22
1599  1.5990   0.4332E-22
1600  1.6000   0.4275E-22
1601  1.6010   0.4218E-22
1602  1.6020   0.4162E-22
1603  1.6030   0.4106E-22
1604  1.6040   0.4051E-22
1605  1.6050   0.3997E-22
1606  1.6060   0.3943E-22
1607  1.6070   0.3890E-22
1608  1.6080   0.3838E-22
1609  1.6090   0.3786E-22
1610  1.6100   0.3735E-22
1611  1.6110   0.3684E-22
1612  1.6120   0.3634E-22
1613  1.6130   0.3584E-22
1614  1.6140   0.3535E-22
1615  1.6150   0.3486E-22
1616  1.6160   0.3438E-22
1617  1.6170   0.3391E-22
1618  1.6180   0.3344E-22
1619  1.6190   0.3298E-22
1620  1.6200   0.3252E-22
1621  1.6210   0.3207E-22
1622  1.6220   0.3162E-22
1623  1.6230   0.3118E-22
1624  1.6240   0.3074E-22
1625  1.6250   0.3031E-22
1626  1.6260   0.2988E-22
1627  1.6270   0.2946E-22
1628  1.6280   0.2904E-22
1629  1.6290   0.2863E-22
1630  1.6300   0.2822E-22
1631  1.6310   0.2782E-22
1632  1.6320   0.2742E-22
1633  1.6330   0.2702E-22
1634  1.6340   0.2663E-22
1635  1.6350   0.2625E-22
1636  1.6360   0.2587E-22
1637  1.6370   0.2550E-22
1638  1.6380   0.2512E-22
1639  1.6390   0.2476E-22
1640  1.6400   0.2440E-22
1641  1.6410   0.2404E-22
1642  1.6420   0.2369E-22
1643  1.6430   0.2334E-22
1644  1.6440   0.2299E-22
1645  1.6450   0.2265E-22
1646  1.6460   0.2232E-22
1647  1.6470   0.2198E-22
1648  1.6480   0.2166E-22
1649  1.6490   0.2133E-22
1650  1.6500   0.2101E-22
1651  1.6510   0.2070E-22
1652  1.6520   0.2038E-22
1653  1.6530   0.2008E-22
1654  1.6540   0.1977E-22
1655  1.6550   0.1947E-22
1656  1.6560   0.1917E-22
1657  1.6570   0.1888E-22
1658  1.6580   0.1859E-22
1659  1.6590   0.1831E-22
1660  1.6600   0.1803E-22
1661  1.6610   0.1775E-22
1662  1.6620   0.1747E-22
1663  1.6630   0.1720E-22
1664  1.6640   0.1693E-22
1665  1.6650   0.1667E-22
1666  1.6660   0.1641E-22
1667  1.6670   0.1615E-22
1668  1.6680   0.1590E-22
1669  1.6690   0.1564E-22
1670  1.6700   0.1540E-22
1671  1.6710   0.1515E-22
1672  1.6720   0.1491E-22
1673  1.6730   0.1467E-22
1674  1.6740   0.1444E-22
1675  1.6750   0.1421E-22
1676  1.6760   0.1398E-22
1677  1.6770   0.1375E-22
1678  1.6780   0.1353E-22
1679  1.6790   0.1331E-22
1680  1.6800   0.1309E-22
1681  1.6810   0.1288E-22
1682  1.6820   0.1267E-22
1683  1.6830   0.1246E-22
1684  1.6840   0.1226E-22
1685  1.6850   0.1205E-22
1686  1.6860   0.1185E-22
1687  1.6870   0.1166E-22
1688  1.6880   0.1146E-22
1689  1.6890   0.1127E-22
1690  1.6900   0.1108E-22
1691  1.6910   0.1090E-22
1692  1.6920   0.1071E-22
1693  1.6930   0.1053E-22
1694  1.6940   0.1035E-22
1695  1.6950   0.1018E-22
1696  1.6960   0.1000E-22
1697  1.6970   0.9832E-23
1698  1.6980   0.9663E-23
1699  1.6990   0.9497E-23
1700  1.7000   0.9333E-23
1701  1.7010   0.9172E-23
1702  1.7020   0.9012E-23
1703  1.7030   0.8855E-23
1704  1.7040   0.8701E-23
1705  1.7050   0.8548E-23
1706  1.7060   0.8398E-23
1707  1.7070   0.8250E-23
1708  1.7080   0.8104E-23
1709  1.7090   0.7960E-23
1710  1.7100   0.7819E-23
1711  1.7110   0.7679E-23
1712  1.7120   0.7542E-23
1713  1.7130   0.7406E-23
1714  1.7140   0.7273E-23
1715  1.7150   0.7141E-23
1716  1.7160   0.7012E-23
1717  1.7170   0.6885E-23
1718  1.7180   0.6759E-23
1719  1.7190   0.6635E-23
1720  1.7200   0.6513E-23
1721  1.7210   0.6394E-23
1722  1.7220   0.6275E-23
1723  1.7230   0.6159E-23
1724  1.7240   0.6045E-23
1725  1.7250   0.5932E-23
1726  1.7260   0.5821E-23
1727  1.7270   0.5712E-23
1728  1.7280   0.5604E-23
1729  1.7290   0.5498E-23
1730  1.7300   0.5394E-23
1731  1.7310   0.5291E-23
1732  1.7320   0.5190E-23
1733  1.7330   0.5091E-23
1734  1.7340   0.4993E-23
1735  1.7350   0.4897E-23
1736  1.7360   0.4802E-23
1737  1.7370   0.4709E-23
1738  1.7380   0.4617E-23
1739  1.7390   0.4527E-23
1740  1.7400   0.4438E-23
1741  1.7410   0.4351E-23
1742  1.7420   0.4265E-23
1743  1.7430   0.4181E-23
1744  1.7440   0.4098E-23
1745  1.7450   0.4016E-23
1746  1.7460   0.3936E-23
1747  1.7470   0.3857E-23
1748  1.7480   0.3779E-23
1749  1.7490   0.3703E-23
1750  1.7500   0.3628E-23
1751  1.7510   0.3554E-23
1752  1.7520   0.3481E-23
1753  1.7530   0.3410E-23
1754  1.7540   0.3340E-23
1755  1.7550   0.3271E-23
1756  1.7560   0.3203E-23
1757  1.7570   0.3136E-23
1758  1.7580   0.3071E-23
1759  1.7590   0.3007E-23
1760  1.7600   0.2943E-23
1761  1.7610   0.2881E-23
1762  1.7620   0.2820E-23
1763  1.7630   0.2760E-23
1764  1.7640   0.2702E-23
1765  1.7650   0.2644E-23
1766  1.7660   0.2587E-23
1767  1.7670   0.2531E-23
1768  1.7680   0.2476E-23
1769  1.7690   0.2423E-23
1770  1.7700   0.2370E-23
1771  1.7710   0.2318E-23
1772  1.7720   0.2267E-23
1773  1.7730   0.2217E-23
1774  1.7740   0.2168E-23
1775  1.7750   0.2120E-23
1776  1.7760   0.2073E-23
1777  1.7770   0.2026E-23
1778  1.7780   0.1981E-23
1779  1.7790   0.1936E-23
1780  1.7800   0.1892E-23
1781  1.7810   0.1849E-23
1782  1.7820   0.1807E-23
1783  1.7830   0.1766E-23
1784  1.7840   0.1725E-23
1785  1.7850   0.1685E-23
1786  1.7860   0.1646E-23
1787  1.7870   0.1608E-23
1788  1.7880   0.1570E-23
1789  1.7890   0.1533E-23
1790  1.7900   0.1497E-23
1791  1.7910   0.1462E-23
1792  1.7920   0.1427E-23
1793  1.7930   0.1393E-23
1794  1.7940   0.1360E-23
1795  1.7950   0.1327E-23
1796  1.7960   0.1295E-23
1797  1.7970   0.1264E-23
1798  1.7980   0.1233E-23
1799  1.7990   0.1203E-23
1800  1.8000   0.1173E-23
1801  1.8010   0.1144E-23
1802  1.8020   0.1116E-23
1803  1.8030   0.1088E-23
1804  1.8040   0.1061E-23
1805  1.8050   0.1034E-23
1806  1.8060   0.1008E-23
1807  1.8070   0.9829E-24
1808  1.8080   0.9579E-24
1809  1.8090   0.9335E-24
1810  1.8100   0.9095E-24
1811  1.8110   0.8861E-24
1812  1.8120   0.8632E-24
1813  1.8130   0.8408E-24
1814  1.8140   0.8189E-24
1815  1.8150   0.7975E-24
1816  1.8160   0.7765E-24
1817  1.8170   0.7560E-24
1818  1.8180   0.7359E-24
1819  1.8190   0.7163E-24
1820  1.8200   0.6971E-24
1821  1.8210   0.6783E-24
1822  1.8220   0.6600E-24
1823  1.8230   0.6421E-24
1824  1.8240   0.6246E-24
1825  1.8250   0.6075E-24
1826  1.8260   0.5907E-24
1827  1.8270   0.5744E-24
1828  1.8280   0.5584E-24
1829  1.8290   0.5428E-24
1830  1.8300   0.5276E-24
1831  1.8310   0.5127E-24
1832  1.8320   0.4982E-24
1833  1.8330   0.4840E-24
1834  1.8340   0.4702E-24
1835  1.8350   0.4566E-24
1836  1.8360   0.4434E-24
1837  1.8370   0.4306E-24
1838  1.8380   0.4180E-24
1839  1.8390   0.4058E-24
1840  1.8400   0.3938E-24
1841  1.8410   0.3821E-24
1842  1.8420   0.3708E-24
1843  1.8430   0.3597E-24
1844  1.8440   0.3489E-24
1845  1.8450   0.3383E-24
1846  1.8460   0.3280E-24
1847  1.8470   0.3180E-24
1848  1.8480   0.3083E-24
1849  1.8490   0.2988E-24
1850  1.8500   0.2895E-24
1851  1.8510   0.2805E-24
1852  1.8520   0.2717E-24
1853  1.8530   0.2631E-24
1854  1.8540   0.2548E-24
1855  1.8550   0.2467E-24
1856  1.8560   0.2388E-24
1857  1.8570   0.2311E-24
1858  1.8580   0.2236E-24
1859  1.8590   0.2163E-24
1860  1.8600   0.2092E-24
1861  1.8610   0.2023E-24
1862  1.8620   0.1956E-24
1863  1.8630   0.1891E-24
1864  1.8640   0.1828E-24
1865  1.8650   0.1766E-24
1866  1.8660   0.1707E-24
1867  1.8670   0.1649E-24
1868  1.8680   0.1592E-24
1869  1.8690   0.1537E-24
1870  1.8700   0.1484E-24
1871  1.8710   0.1432E-24
1872  1.8720   0.1382E-24
1873  1.8730   0.1333E-24
1874  1.8740   0.1286E-24
1875  1.8750   0.1240E-24
1876  1.8760   0.1196E-24
1877  1.8770   0.1152E-24
1878  1.8780   0.1110E-24
1879  1.8790   0.1070E-24
1880  1.8800   0.1030E-24
1881  1.8810   0.9923E-25
1882  1.8820   0.9553E-25
1883  1.8830   0.9195E-25
1884  1.8840   0.8848E-25
1885  1.8850   0.8511E-25
1886  1.8860   0.8186E-25
1887  1.8870   0.7871E-25
1888  1.8880   0.7566E-25
1889  1.8890   0.7271E-25
1890  1.8900   0.6986E-25
1891  1.8910   0.6710E-25
1892  1.8920   0.6443E-25
1893  1.8930   0.6185E-25
1894  1.8940   0.5936E-25
1895  1.8950   0.5695E-25
1896  1.8960   0.5462E-25
1897  1.8970   0.5237E-25
1898  1.8980   0.5020E-25
1899  1.8990   0.4811E-25
1900  1.9000   0.4608E-25
1901  1.9010   0.4413E-25
1902  1.9020   0.4225E-25
1903  1.9030   0.4044E-25
1904  1.9040   0.3869E-25
1905  1.9050   0.3700E-25
1906  1.9060   0.3538E-25
1907  1.9070   0.3381E-25
1908  1.9080   0.3231E-25
1909  1.9090   0.3086E-25
1910  1.9100   0.2946E-25
1911  1.9110   0.2812E-25
1912  1.9120   0.2683E-25
1913  1.9130   0.2559E-25
1914  1.9140   0.2439E-25
1915  1.9150   0.2325E-25
1916  1.9160   0.2214E-25
1917  1.9170   0.2109E-25
1918  1.9180   0.2007E-25
1919  1.9190   0.1910E-25
1920  1.9200   0.1816E-25
1921  1.9210   0.1726E-25
1922  1.9220   0.1641E-25
1923  1.9230   0.1558E-25
1924  1.9240   0.1479E-25
1925  1.9250   0.1404E-25
1926  1.9260   0.1332E-25
1927  1.9270   0.1262E-25
1928  1.9280   0.1196E-25
1929  1.9290   0.1133E-25
1930  1.9300   0.1072E-25
1931  1.9310   0.1015E-25
1932  1.9320   0.9596E-26
1933  1.9330   0.9070E-26
1934  1.9340   0.8568E-26
1935  1.9350   0.8090E-26
1936  1.9360   0.7633E-26
1937  1.9370   0.7199E-26
1938  1.9380   0.6785E-26
1939  1.9390   0.6392E-26
1940  1.9400   0.6017E-26
1941  1.9410   0.5661E-26
1942  1.9420   0.5322E-26
1943  1.9430   0.5001E-26
1944  1.9440   0.4696E-26
1945  1.9450   0.4407E-26
1946  1.9460   0.4132E-26
1947  1.9470   0.3872E-26
1948  1.9480   0.3626E-26
1949  1.9490   0.3393E-26
1950  1.9500   0.3172E-26
1951  1.9510   0.2964E-26
1952  1.9520   0.2767E-26
1953  1.9530   0.2581E-26
1954  1.9540   0.2406E-26
1955  1.9550   0.2240E-26
1956  1.9560   0.2085E-26
1957  1.9570   0.1938E-26
1958  1.9580   0.1800E-26
1959  1.9590   0.1670E-26
1960  1.9600   0.1548E-26
1961  1.9610   0.1434E-26
1962  1.9620   0.1327E-26
1963  1.9630   0.1226E-26
1964  1.9640   0.1132E-26
1965  1.9650   0.1044E-26
1966  1.9660   0.9618E-27
1967  1.9670   0.8850E-27
1968  1.9680   0.8135E-27
1969  1.9690   0.7469E-27
1970  1.9700   0.6848E-27
1971  1.9710   0.6270E-27
1972  1.9720   0.5733E-27
1973  1.9730   0.5237E-27
1974  1.9740   0.4776E-27
1975  1.9750   0.4348E-27
1976  1.9760   0.3955E-27
1977  1.9770   0.3589E-27
1978  1.9780   0.3254E-27
1979  1.9790   0.2945E-27
1980  1.9800   0.2660E-27
1981  1.9810   0.2399E-27
1982  1.9820   0.2158E-27
1983  1.9830   0.1939E-27
1984  1.9840   0.1740E-27
1985  1.9850   0.1557E-27
1986  1.9860   0.1390E-27
1987  1.9870   0.1238E-27
1988  1.9880   0.1100E-27
1989  1.9890   0.9760E-28
1990  1.9900   0.8642E-28
1991  1.9910   0.7621E-28
1992  1.9920   0.6705E-28
1993  1.9930   0.5878E-28
1994  1.9940   0.5149E-28
1995  1.9950   0.4495E-28
1996  1.9960   0.3916E-28
1997  1.9970   0.3384E-28
1998  1.9980   0.2927E-28
1999  1.9990   0.2519E-28
2000  2.0000   0.2160E-28
2001  2.0010   0.1842E-28
2002  2.0020   0.1563E-28
2003  2.0030   0.1322E-28
2004  2.0040   0.1109E-28
2005  2.0050   0.9268E-29
2006  2.0060   0.7716E-29
2007  2.0070   0.6393E-29
2008  2.0080   0.5257E-29
2009  2.0090   0.4248E-29
2010  2.0100   0.3433E-29
2011  2.0110   0.2765E-29
2012  2.0120   0.2207E-29
2013  2.0130   0.1713E-29
2014  2.0140   0.1344E-29
2015  2.0150   0.1038E-29
2016  2.0160   0.7660E-30
2017  2.0170   0.5571E-30
2018  2.0180   0.3830E-30
2019  2.0190   0.2994E-30
2020  2.0200   0.1950E-30
2021  2.0210   0.1323E-30
2022  2.0220   0.6267E-31
2023  2.0230   0.0000E+00
2024  2.0240   0.0000E+00
2025  2.0250   0.0000E+00
2026  2.0260   0.0000E+00
2027  2.0270   0.0000E+00
2028  2.0280   0.0000E+00
2029  2.0290   0.0000E+00
2030  2.0300   0.0000E+00
2031  2.0310   0.0000E+00
2032  2.0320   0.0000E+00
2033  2.0330   0.0000E+00
2034  2.0340   0.0000E+00
2035  2.0350   0.0000E+00
2036  2.0360   0.0000E+00
2037  2.0370   0.0000E+00
2038  2.0380   0.0000E+00
2039  2.0390   0.0000E+00
