   1  0.0010  -0.1833
   2  0.0020  -0.1945
   3  0.0030  -0.1955
   4  0.0040  -0.1981
   5  0.0050  -0.2036
   6  0.0060  -0.2105
   7  0.0070  -0.2174
   8  0.0080  -0.2233
   9  0.0090  -0.2281
  10  0.0100  -0.2322
  11  0.0110  -0.2361
  12  0.0120  -0.2402
  13  0.0130  -0.2445
  14  0.0140  -0.2492
  15  0.0150  -0.2539
  16  0.0160  -0.2585
  17  0.0170  -0.2629
  18  0.0180  -0.2671
  19  0.0190  -0.2709
  20  0.0200  -0.2745
  21  0.0210  -0.2780
  22  0.0220  -0.2814
  23  0.0230  -0.2848
  24  0.0240  -0.2883
  25  0.0250  -0.2919
  26  0.0260  -0.2955
  27  0.0270  -0.2990
  28  0.0280  -0.3025
  29  0.0290  -0.3059
  30  0.0300  -0.3092
  31  0.0310  -0.3124
  32  0.0320  -0.3154
  33  0.0330  -0.3183
  34  0.0340  -0.3212
  35  0.0350  -0.3240
  36  0.0360  -0.3268
  37  0.0370  -0.3296
  38  0.0380  -0.3325
  39  0.0390  -0.3353
  40  0.0400  -0.3381
  41  0.0410  -0.3409
  42  0.0420  -0.3437
  43  0.0430  -0.3464
  44  0.0440  -0.3491
  45  0.0450  -0.3517
  46  0.0460  -0.3543
  47  0.0470  -0.3567
  48  0.0480  -0.3591
  49  0.0490  -0.3615
  50  0.0500  -0.3638
  51  0.0510  -0.3661
  52  0.0520  -0.3684
  53  0.0530  -0.3707
  54  0.0540  -0.3730
  55  0.0550  -0.3753
  56  0.0560  -0.3776
  57  0.0570  -0.3798
  58  0.0580  -0.3821
  59  0.0590  -0.3843
  60  0.0600  -0.3865
  61  0.0610  -0.3886
  62  0.0620  -0.3907
  63  0.0630  -0.3928
  64  0.0640  -0.3948
  65  0.0650  -0.3968
  66  0.0660  -0.3988
  67  0.0670  -0.4007
  68  0.0680  -0.4026
  69  0.0690  -0.4045
  70  0.0700  -0.4064
  71  0.0710  -0.4083
  72  0.0720  -0.4101
  73  0.0730  -0.4120
  74  0.0740  -0.4139
  75  0.0750  -0.4157
  76  0.0760  -0.4175
  77  0.0770  -0.4194
  78  0.0780  -0.4212
  79  0.0790  -0.4229
  80  0.0800  -0.4247
  81  0.0810  -0.4264
  82  0.0820  -0.4281
  83  0.0830  -0.4298
  84  0.0840  -0.4314
  85  0.0850  -0.4331
  86  0.0860  -0.4347
  87  0.0870  -0.4362
  88  0.0880  -0.4378
  89  0.0890  -0.4394
  90  0.0900  -0.4409
  91  0.0910  -0.4425
  92  0.0920  -0.4440
  93  0.0930  -0.4455
  94  0.0940  -0.4471
  95  0.0950  -0.4486
  96  0.0960  -0.4501
  97  0.0970  -0.4516
  98  0.0980  -0.4531
  99  0.0990  -0.4546
 100  0.1000  -0.4560
 101  0.1010  -0.4575
 102  0.1020  -0.4589
 103  0.1030  -0.4603
 104  0.1040  -0.4617
 105  0.1050  -0.4630
 106  0.1060  -0.4644
 107  0.1070  -0.4657
 108  0.1080  -0.4670
 109  0.1090  -0.4683
 110  0.1100  -0.4696
 111  0.1110  -0.4709
 112  0.1120  -0.4722
 113  0.1130  -0.4735
 114  0.1140  -0.4747
 115  0.1150  -0.4760
 116  0.1160  -0.4773
 117  0.1170  -0.4785
 118  0.1180  -0.4798
 119  0.1190  -0.4810
 120  0.1200  -0.4822
 121  0.1210  -0.4835
 122  0.1220  -0.4847
 123  0.1230  -0.4859
 124  0.1240  -0.4870
 125  0.1250  -0.4882
 126  0.1260  -0.4894
 127  0.1270  -0.4905
 128  0.1280  -0.4916
 129  0.1290  -0.4927
 130  0.1300  -0.4939
 131  0.1310  -0.4949
 132  0.1320  -0.4960
 133  0.1330  -0.4971
 134  0.1340  -0.4982
 135  0.1350  -0.4993
 136  0.1360  -0.5003
 137  0.1370  -0.5014
 138  0.1380  -0.5024
 139  0.1390  -0.5035
 140  0.1400  -0.5045
 141  0.1410  -0.5056
 142  0.1420  -0.5066
 143  0.1430  -0.5076
 144  0.1440  -0.5086
 145  0.1450  -0.5096
 146  0.1460  -0.5106
 147  0.1470  -0.5116
 148  0.1480  -0.5126
 149  0.1490  -0.5136
 150  0.1500  -0.5145
 151  0.1510  -0.5155
 152  0.1520  -0.5164
 153  0.1530  -0.5174
 154  0.1540  -0.5183
 155  0.1550  -0.5192
 156  0.1560  -0.5201
 157  0.1570  -0.5210
 158  0.1580  -0.5219
 159  0.1590  -0.5228
 160  0.1600  -0.5237
 161  0.1610  -0.5246
 162  0.1620  -0.5255
 163  0.1630  -0.5263
 164  0.1640  -0.5272
 165  0.1650  -0.5281
 166  0.1660  -0.5289
 167  0.1670  -0.5298
 168  0.1680  -0.5307
 169  0.1690  -0.5315
 170  0.1700  -0.5323
 171  0.1710  -0.5332
 172  0.1720  -0.5340
 173  0.1730  -0.5348
 174  0.1740  -0.5356
 175  0.1750  -0.5364
 176  0.1760  -0.5372
 177  0.1770  -0.5380
 178  0.1780  -0.5388
 179  0.1790  -0.5396
 180  0.1800  -0.5404
 181  0.1810  -0.5411
 182  0.1820  -0.5419
 183  0.1830  -0.5426
 184  0.1840  -0.5434
 185  0.1850  -0.5441
 186  0.1860  -0.5449
 187  0.1870  -0.5456
 188  0.1880  -0.5463
 189  0.1890  -0.5471
 190  0.1900  -0.5478
 191  0.1910  -0.5485
 192  0.1920  -0.5492
 193  0.1930  -0.5499
 194  0.1940  -0.5507
 195  0.1950  -0.5514
 196  0.1960  -0.5521
 197  0.1970  -0.5528
 198  0.1980  -0.5535
 199  0.1990  -0.5541
 200  0.2000  -0.5548
 201  0.2010  -0.5555
 202  0.2020  -0.5562
 203  0.2030  -0.5568
 204  0.2040  -0.5575
 205  0.2050  -0.5581
 206  0.2060  -0.5588
 207  0.2070  -0.5594
 208  0.2080  -0.5601
 209  0.2090  -0.5607
 210  0.2100  -0.5613
 211  0.2110  -0.5620
 212  0.2120  -0.5626
 213  0.2130  -0.5632
 214  0.2140  -0.5638
 215  0.2150  -0.5644
 216  0.2160  -0.5650
 217  0.2170  -0.5657
 218  0.2180  -0.5663
 219  0.2190  -0.5669
 220  0.2200  -0.5675
 221  0.2210  -0.5681
 222  0.2220  -0.5686
 223  0.2230  -0.5692
 224  0.2240  -0.5698
 225  0.2250  -0.5704
 226  0.2260  -0.5710
 227  0.2270  -0.5715
 228  0.2280  -0.5721
 229  0.2290  -0.5727
 230  0.2300  -0.5732
 231  0.2310  -0.5738
 232  0.2320  -0.5743
 233  0.2330  -0.5749
 234  0.2340  -0.5754
 235  0.2350  -0.5760
 236  0.2360  -0.5765
 237  0.2370  -0.5770
 238  0.2380  -0.5775
 239  0.2390  -0.5781
 240  0.2400  -0.5786
 241  0.2410  -0.5791
 242  0.2420  -0.5796
 243  0.2430  -0.5801
 244  0.2440  -0.5806
 245  0.2450  -0.5811
 246  0.2460  -0.5817
 247  0.2470  -0.5822
 248  0.2480  -0.5827
 249  0.2490  -0.5832
 250  0.2500  -0.5836
 251  0.2510  -0.5841
 252  0.2520  -0.5846
 253  0.2530  -0.5851
 254  0.2540  -0.5856
 255  0.2550  -0.5861
 256  0.2560  -0.5866
 257  0.2570  -0.5870
 258  0.2580  -0.5875
 259  0.2590  -0.5880
 260  0.2600  -0.5884
 261  0.2610  -0.5889
 262  0.2620  -0.5893
 263  0.2630  -0.5898
 264  0.2640  -0.5902
 265  0.2650  -0.5907
 266  0.2660  -0.5911
 267  0.2670  -0.5915
 268  0.2680  -0.5920
 269  0.2690  -0.5924
 270  0.2700  -0.5928
 271  0.2710  -0.5933
 272  0.2720  -0.5937
 273  0.2730  -0.5941
 274  0.2740  -0.5946
 275  0.2750  -0.5950
 276  0.2760  -0.5954
 277  0.2770  -0.5958
 278  0.2780  -0.5962
 279  0.2790  -0.5966
 280  0.2800  -0.5971
 281  0.2810  -0.5975
 282  0.2820  -0.5979
 283  0.2830  -0.5983
 284  0.2840  -0.5987
 285  0.2850  -0.5991
 286  0.2860  -0.5995
 287  0.2870  -0.5998
 288  0.2880  -0.6002
 289  0.2890  -0.6006
 290  0.2900  -0.6010
 291  0.2910  -0.6014
 292  0.2920  -0.6018
 293  0.2930  -0.6021
 294  0.2940  -0.6025
 295  0.2950  -0.6029
 296  0.2960  -0.6032
 297  0.2970  -0.6036
 298  0.2980  -0.6040
 299  0.2990  -0.6043
 300  0.3000  -0.6047
 301  0.3010  -0.6050
 302  0.3020  -0.6054
 303  0.3030  -0.6057
 304  0.3040  -0.6061
 305  0.3050  -0.6064
 306  0.3060  -0.6068
 307  0.3070  -0.6071
 308  0.3080  -0.6075
 309  0.3090  -0.6078
 310  0.3100  -0.6082
 311  0.3110  -0.6085
 312  0.3120  -0.6088
 313  0.3130  -0.6092
 314  0.3140  -0.6095
 315  0.3150  -0.6098
 316  0.3160  -0.6102
 317  0.3170  -0.6105
 318  0.3180  -0.6108
 319  0.3190  -0.6111
 320  0.3200  -0.6115
 321  0.3210  -0.6118
 322  0.3220  -0.6121
 323  0.3230  -0.6124
 324  0.3240  -0.6127
 325  0.3250  -0.6130
 326  0.3260  -0.6133
 327  0.3270  -0.6136
 328  0.3280  -0.6139
 329  0.3290  -0.6142
 330  0.3300  -0.6145
 331  0.3310  -0.6148
 332  0.3320  -0.6151
 333  0.3330  -0.6154
 334  0.3340  -0.6157
 335  0.3350  -0.6160
 336  0.3360  -0.6163
 337  0.3370  -0.6166
 338  0.3380  -0.6168
 339  0.3390  -0.6171
 340  0.3400  -0.6174
 341  0.3410  -0.6177
 342  0.3420  -0.6180
 343  0.3430  -0.6182
 344  0.3440  -0.6185
 345  0.3450  -0.6188
 346  0.3460  -0.6191
 347  0.3470  -0.6193
 348  0.3480  -0.6196
 349  0.3490  -0.6199
 350  0.3500  -0.6201
 351  0.3510  -0.6204
 352  0.3520  -0.6207
 353  0.3530  -0.6209
 354  0.3540  -0.6212
 355  0.3550  -0.6214
 356  0.3560  -0.6217
 357  0.3570  -0.6219
 358  0.3580  -0.6222
 359  0.3590  -0.6224
 360  0.3600  -0.6227
 361  0.3610  -0.6229
 362  0.3620  -0.6232
 363  0.3630  -0.6234
 364  0.3640  -0.6236
 365  0.3650  -0.6239
 366  0.3660  -0.6241
 367  0.3670  -0.6243
 368  0.3680  -0.6246
 369  0.3690  -0.6248
 370  0.3700  -0.6251
 371  0.3710  -0.6253
 372  0.3720  -0.6255
 373  0.3730  -0.6257
 374  0.3740  -0.6260
 375  0.3750  -0.6262
 376  0.3760  -0.6264
 377  0.3770  -0.6266
 378  0.3780  -0.6269
 379  0.3790  -0.6271
 380  0.3800  -0.6273
 381  0.3810  -0.6275
 382  0.3820  -0.6277
 383  0.3830  -0.6279
 384  0.3840  -0.6282
 385  0.3850  -0.6284
 386  0.3860  -0.6286
 387  0.3870  -0.6288
 388  0.3880  -0.6290
 389  0.3890  -0.6292
 390  0.3900  -0.6294
 391  0.3910  -0.6296
 392  0.3920  -0.6298
 393  0.3930  -0.6300
 394  0.3940  -0.6302
 395  0.3950  -0.6304
 396  0.3960  -0.6306
 397  0.3970  -0.6308
 398  0.3980  -0.6310
 399  0.3990  -0.6312
 400  0.4000  -0.6313
 401  0.4010  -0.6315
 402  0.4020  -0.6317
 403  0.4030  -0.6319
 404  0.4040  -0.6321
 405  0.4050  -0.6323
 406  0.4060  -0.6325
 407  0.4070  -0.6326
 408  0.4080  -0.6328
 409  0.4090  -0.6330
 410  0.4100  -0.6332
 411  0.4110  -0.6334
 412  0.4120  -0.6335
 413  0.4130  -0.6337
 414  0.4140  -0.6339
 415  0.4150  -0.6341
 416  0.4160  -0.6342
 417  0.4170  -0.6344
 418  0.4180  -0.6346
 419  0.4190  -0.6347
 420  0.4200  -0.6349
 421  0.4210  -0.6351
 422  0.4220  -0.6352
 423  0.4230  -0.6354
 424  0.4240  -0.6355
 425  0.4250  -0.6357
 426  0.4260  -0.6359
 427  0.4270  -0.6360
 428  0.4280  -0.6362
 429  0.4290  -0.6363
 430  0.4300  -0.6365
 431  0.4310  -0.6366
 432  0.4320  -0.6368
 433  0.4330  -0.6369
 434  0.4340  -0.6371
 435  0.4350  -0.6372
 436  0.4360  -0.6374
 437  0.4370  -0.6375
 438  0.4380  -0.6377
 439  0.4390  -0.6378
 440  0.4400  -0.6380
 441  0.4410  -0.6381
 442  0.4420  -0.6382
 443  0.4430  -0.6384
 444  0.4440  -0.6385
 445  0.4450  -0.6387
 446  0.4460  -0.6388
 447  0.4470  -0.6389
 448  0.4480  -0.6391
 449  0.4490  -0.6392
 450  0.4500  -0.6393
 451  0.4510  -0.6395
 452  0.4520  -0.6396
 453  0.4530  -0.6397
 454  0.4540  -0.6398
 455  0.4550  -0.6400
 456  0.4560  -0.6401
 457  0.4570  -0.6402
 458  0.4580  -0.6403
 459  0.4590  -0.6405
 460  0.4600  -0.6406
 461  0.4610  -0.6407
 462  0.4620  -0.6408
 463  0.4630  -0.6410
 464  0.4640  -0.6411
 465  0.4650  -0.6412
 466  0.4660  -0.6413
 467  0.4670  -0.6414
 468  0.4680  -0.6415
 469  0.4690  -0.6417
 470  0.4700  -0.6418
 471  0.4710  -0.6419
 472  0.4720  -0.6420
 473  0.4730  -0.6421
 474  0.4740  -0.6422
 475  0.4750  -0.6423
 476  0.4760  -0.6424
 477  0.4770  -0.6425
 478  0.4780  -0.6426
 479  0.4790  -0.6427
 480  0.4800  -0.6428
 481  0.4810  -0.6430
 482  0.4820  -0.6431
 483  0.4830  -0.6432
 484  0.4840  -0.6433
 485  0.4850  -0.6433
 486  0.4860  -0.6434
 487  0.4870  -0.6435
 488  0.4880  -0.6436
 489  0.4890  -0.6437
 490  0.4900  -0.6438
 491  0.4910  -0.6439
 492  0.4920  -0.6440
 493  0.4930  -0.6441
 494  0.4940  -0.6442
 495  0.4950  -0.6443
 496  0.4960  -0.6444
 497  0.4970  -0.6445
 498  0.4980  -0.6446
 499  0.4990  -0.6446
 500  0.5000  -0.6447
 501  0.5010  -0.6448
 502  0.5020  -0.6449
 503  0.5030  -0.6450
 504  0.5040  -0.6451
 505  0.5050  -0.6451
 506  0.5060  -0.6452
 507  0.5070  -0.6453
 508  0.5080  -0.6454
 509  0.5090  -0.6455
 510  0.5100  -0.6455
 511  0.5110  -0.6456
 512  0.5120  -0.6457
 513  0.5130  -0.6458
 514  0.5140  -0.6458
 515  0.5150  -0.6459
 516  0.5160  -0.6460
 517  0.5170  -0.6461
 518  0.5180  -0.6461
 519  0.5190  -0.6462
 520  0.5200  -0.6463
 521  0.5210  -0.6463
 522  0.5220  -0.6464
 523  0.5230  -0.6465
 524  0.5240  -0.6465
 525  0.5250  -0.6466
 526  0.5260  -0.6467
 527  0.5270  -0.6467
 528  0.5280  -0.6468
 529  0.5290  -0.6469
 530  0.5300  -0.6469
 531  0.5310  -0.6470
 532  0.5320  -0.6471
 533  0.5330  -0.6471
 534  0.5340  -0.6472
 535  0.5350  -0.6472
 536  0.5360  -0.6473
 537  0.5370  -0.6473
 538  0.5380  -0.6474
 539  0.5390  -0.6475
 540  0.5400  -0.6475
 541  0.5410  -0.6476
 542  0.5420  -0.6476
 543  0.5430  -0.6477
 544  0.5440  -0.6477
 545  0.5450  -0.6478
 546  0.5460  -0.6478
 547  0.5470  -0.6479
 548  0.5480  -0.6479
 549  0.5490  -0.6480
 550  0.5500  -0.6480
 551  0.5510  -0.6481
 552  0.5520  -0.6481
 553  0.5530  -0.6482
 554  0.5540  -0.6482
 555  0.5550  -0.6482
 556  0.5560  -0.6483
 557  0.5570  -0.6483
 558  0.5580  -0.6484
 559  0.5590  -0.6484
 560  0.5600  -0.6485
 561  0.5610  -0.6485
 562  0.5620  -0.6485
 563  0.5630  -0.6486
 564  0.5640  -0.6486
 565  0.5650  -0.6487
 566  0.5660  -0.6487
 567  0.5670  -0.6487
 568  0.5680  -0.6488
 569  0.5690  -0.6488
 570  0.5700  -0.6488
 571  0.5710  -0.6489
 572  0.5720  -0.6489
 573  0.5730  -0.6489
 574  0.5740  -0.6490
 575  0.5750  -0.6490
 576  0.5760  -0.6490
 577  0.5770  -0.6491
 578  0.5780  -0.6491
 579  0.5790  -0.6491
 580  0.5800  -0.6491
 581  0.5810  -0.6492
 582  0.5820  -0.6492
 583  0.5830  -0.6492
 584  0.5840  -0.6492
 585  0.5850  -0.6493
 586  0.5860  -0.6493
 587  0.5870  -0.6493
 588  0.5880  -0.6493
 589  0.5890  -0.6494
 590  0.5900  -0.6494
 591  0.5910  -0.6494
 592  0.5920  -0.6494
 593  0.5930  -0.6494
 594  0.5940  -0.6495
 595  0.5950  -0.6495
 596  0.5960  -0.6495
 597  0.5970  -0.6495
 598  0.5980  -0.6495
 599  0.5990  -0.6495
 600  0.6000  -0.6496
 601  0.6010  -0.6496
 602  0.6020  -0.6496
 603  0.6030  -0.6496
 604  0.6040  -0.6496
 605  0.6050  -0.6496
 606  0.6060  -0.6496
 607  0.6070  -0.6497
 608  0.6080  -0.6497
 609  0.6090  -0.6497
 610  0.6100  -0.6497
 611  0.6110  -0.6497
 612  0.6120  -0.6497
 613  0.6130  -0.6497
 614  0.6140  -0.6497
 615  0.6150  -0.6497
 616  0.6160  -0.6497
 617  0.6170  -0.6497
 618  0.6180  -0.6497
 619  0.6190  -0.6498
 620  0.6200  -0.6498
 621  0.6210  -0.6498
 622  0.6220  -0.6498
 623  0.6230  -0.6498
 624  0.6240  -0.6498
 625  0.6250  -0.6498
 626  0.6260  -0.6498
 627  0.6270  -0.6498
 628  0.6280  -0.6498
 629  0.6290  -0.6498
 630  0.6300  -0.6498
 631  0.6310  -0.6498
 632  0.6320  -0.6498
 633  0.6330  -0.6498
 634  0.6340  -0.6498
 635  0.6350  -0.6497
 636  0.6360  -0.6497
 637  0.6370  -0.6497
 638  0.6380  -0.6497
 639  0.6390  -0.6497
 640  0.6400  -0.6497
 641  0.6410  -0.6497
 642  0.6420  -0.6497
 643  0.6430  -0.6497
 644  0.6440  -0.6497
 645  0.6450  -0.6497
 646  0.6460  -0.6497
 647  0.6470  -0.6497
 648  0.6480  -0.6496
 649  0.6490  -0.6496
 650  0.6500  -0.6496
 651  0.6510  -0.6496
 652  0.6520  -0.6496
 653  0.6530  -0.6496
 654  0.6540  -0.6496
 655  0.6550  -0.6496
 656  0.6560  -0.6495
 657  0.6570  -0.6495
 658  0.6580  -0.6495
 659  0.6590  -0.6495
 660  0.6600  -0.6495
 661  0.6610  -0.6495
 662  0.6620  -0.6494
 663  0.6630  -0.6494
 664  0.6640  -0.6494
 665  0.6650  -0.6494
 666  0.6660  -0.6494
 667  0.6670  -0.6493
 668  0.6680  -0.6493
 669  0.6690  -0.6493
 670  0.6700  -0.6493
 671  0.6710  -0.6492
 672  0.6720  -0.6492
 673  0.6730  -0.6492
 674  0.6740  -0.6492
 675  0.6750  -0.6492
 676  0.6760  -0.6491
 677  0.6770  -0.6491
 678  0.6780  -0.6491
 679  0.6790  -0.6491
 680  0.6800  -0.6490
 681  0.6810  -0.6490
 682  0.6820  -0.6490
 683  0.6830  -0.6489
 684  0.6840  -0.6489
 685  0.6850  -0.6489
 686  0.6860  -0.6489
 687  0.6870  -0.6488
 688  0.6880  -0.6488
 689  0.6890  -0.6488
 690  0.6900  -0.6487
 691  0.6910  -0.6487
 692  0.6920  -0.6487
 693  0.6930  -0.6486
 694  0.6940  -0.6486
 695  0.6950  -0.6486
 696  0.6960  -0.6485
 697  0.6970  -0.6485
 698  0.6980  -0.6485
 699  0.6990  -0.6484
 700  0.7000  -0.6484
 701  0.7010  -0.6483
 702  0.7020  -0.6483
 703  0.7030  -0.6483
 704  0.7040  -0.6482
 705  0.7050  -0.6482
 706  0.7060  -0.6482
 707  0.7070  -0.6481
 708  0.7080  -0.6481
 709  0.7090  -0.6480
 710  0.7100  -0.6480
 711  0.7110  -0.6480
 712  0.7120  -0.6479
 713  0.7130  -0.6479
 714  0.7140  -0.6478
 715  0.7150  -0.6478
 716  0.7160  -0.6477
 717  0.7170  -0.6477
 718  0.7180  -0.6477
 719  0.7190  -0.6476
 720  0.7200  -0.6476
 721  0.7210  -0.6475
 722  0.7220  -0.6475
 723  0.7230  -0.6474
 724  0.7240  -0.6474
 725  0.7250  -0.6473
 726  0.7260  -0.6473
 727  0.7270  -0.6472
 728  0.7280  -0.6472
 729  0.7290  -0.6471
 730  0.7300  -0.6471
 731  0.7310  -0.6470
 732  0.7320  -0.6470
 733  0.7330  -0.6469
 734  0.7340  -0.6469
 735  0.7350  -0.6468
 736  0.7360  -0.6468
 737  0.7370  -0.6467
 738  0.7380  -0.6467
 739  0.7390  -0.6466
 740  0.7400  -0.6466
 741  0.7410  -0.6465
 742  0.7420  -0.6465
 743  0.7430  -0.6464
 744  0.7440  -0.6464
 745  0.7450  -0.6463
 746  0.7460  -0.6462
 747  0.7470  -0.6462
 748  0.7480  -0.6461
 749  0.7490  -0.6461
 750  0.7500  -0.6460
 751  0.7510  -0.6460
 752  0.7520  -0.6459
 753  0.7530  -0.6458
 754  0.7540  -0.6458
 755  0.7550  -0.6457
 756  0.7560  -0.6457
 757  0.7570  -0.6456
 758  0.7580  -0.6455
 759  0.7590  -0.6455
 760  0.7600  -0.6454
 761  0.7610  -0.6454
 762  0.7620  -0.6453
 763  0.7630  -0.6452
 764  0.7640  -0.6452
 765  0.7650  -0.6451
 766  0.7660  -0.6450
 767  0.7670  -0.6450
 768  0.7680  -0.6449
 769  0.7690  -0.6448
 770  0.7700  -0.6448
 771  0.7710  -0.6447
 772  0.7720  -0.6446
 773  0.7730  -0.6446
 774  0.7740  -0.6445
 775  0.7750  -0.6444
 776  0.7760  -0.6444
 777  0.7770  -0.6443
 778  0.7780  -0.6442
 779  0.7790  -0.6442
 780  0.7800  -0.6441
 781  0.7810  -0.6440
 782  0.7820  -0.6440
 783  0.7830  -0.6439
 784  0.7840  -0.6438
 785  0.7850  -0.6437
 786  0.7860  -0.6437
 787  0.7870  -0.6436
 788  0.7880  -0.6435
 789  0.7890  -0.6434
 790  0.7900  -0.6434
 791  0.7910  -0.6433
 792  0.7920  -0.6432
 793  0.7930  -0.6432
 794  0.7940  -0.6431
 795  0.7950  -0.6430
 796  0.7960  -0.6429
 797  0.7970  -0.6428
 798  0.7980  -0.6428
 799  0.7990  -0.6427
 800  0.8000  -0.6426
 801  0.8010  -0.6425
 802  0.8020  -0.6425
 803  0.8030  -0.6424
 804  0.8040  -0.6423
 805  0.8050  -0.6422
 806  0.8060  -0.6421
 807  0.8070  -0.6421
 808  0.8080  -0.6420
 809  0.8090  -0.6419
 810  0.8100  -0.6418
 811  0.8110  -0.6417
 812  0.8120  -0.6417
 813  0.8130  -0.6416
 814  0.8140  -0.6415
 815  0.8150  -0.6414
 816  0.8160  -0.6413
 817  0.8170  -0.6412
 818  0.8180  -0.6412
 819  0.8190  -0.6411
 820  0.8200  -0.6410
 821  0.8210  -0.6409
 822  0.8220  -0.6408
 823  0.8230  -0.6407
 824  0.8240  -0.6406
 825  0.8250  -0.6406
 826  0.8260  -0.6405
 827  0.8270  -0.6404
 828  0.8280  -0.6403
 829  0.8290  -0.6402
 830  0.8300  -0.6401
 831  0.8310  -0.6400
 832  0.8320  -0.6399
 833  0.8330  -0.6399
 834  0.8340  -0.6398
 835  0.8350  -0.6397
 836  0.8360  -0.6396
 837  0.8370  -0.6395
 838  0.8380  -0.6394
 839  0.8390  -0.6393
 840  0.8400  -0.6392
 841  0.8410  -0.6391
 842  0.8420  -0.6390
 843  0.8430  -0.6389
 844  0.8440  -0.6388
 845  0.8450  -0.6388
 846  0.8460  -0.6387
 847  0.8470  -0.6386
 848  0.8480  -0.6385
 849  0.8490  -0.6384
 850  0.8500  -0.6383
 851  0.8510  -0.6382
 852  0.8520  -0.6381
 853  0.8530  -0.6380
 854  0.8540  -0.6379
 855  0.8550  -0.6378
 856  0.8560  -0.6377
 857  0.8570  -0.6376
 858  0.8580  -0.6375
 859  0.8590  -0.6374
 860  0.8600  -0.6373
 861  0.8610  -0.6372
 862  0.8620  -0.6371
 863  0.8630  -0.6370
 864  0.8640  -0.6369
 865  0.8650  -0.6368
 866  0.8660  -0.6367
 867  0.8670  -0.6366
 868  0.8680  -0.6365
 869  0.8690  -0.6364
 870  0.8700  -0.6363
 871  0.8710  -0.6362
 872  0.8720  -0.6361
 873  0.8730  -0.6360
 874  0.8740  -0.6359
 875  0.8750  -0.6358
 876  0.8760  -0.6357
 877  0.8770  -0.6356
 878  0.8780  -0.6355
 879  0.8790  -0.6354
 880  0.8800  -0.6353
 881  0.8810  -0.6351
 882  0.8820  -0.6350
 883  0.8830  -0.6349
 884  0.8840  -0.6348
 885  0.8850  -0.6347
 886  0.8860  -0.6346
 887  0.8870  -0.6345
 888  0.8880  -0.6344
 889  0.8890  -0.6343
 890  0.8900  -0.6342
 891  0.8910  -0.6341
 892  0.8920  -0.6340
 893  0.8930  -0.6339
 894  0.8940  -0.6337
 895  0.8950  -0.6336
 896  0.8960  -0.6335
 897  0.8970  -0.6334
 898  0.8980  -0.6333
 899  0.8990  -0.6332
 900  0.9000  -0.6331
 901  0.9010  -0.6330
 902  0.9020  -0.6328
 903  0.9030  -0.6327
 904  0.9040  -0.6326
 905  0.9050  -0.6325
 906  0.9060  -0.6324
 907  0.9070  -0.6323
 908  0.9080  -0.6322
 909  0.9090  -0.6320
 910  0.9100  -0.6319
 911  0.9110  -0.6318
 912  0.9120  -0.6317
 913  0.9130  -0.6316
 914  0.9140  -0.6315
 915  0.9150  -0.6313
 916  0.9160  -0.6312
 917  0.9170  -0.6311
 918  0.9180  -0.6310
 919  0.9190  -0.6309
 920  0.9200  -0.6308
 921  0.9210  -0.6306
 922  0.9220  -0.6305
 923  0.9230  -0.6304
 924  0.9240  -0.6303
 925  0.9250  -0.6302
 926  0.9260  -0.6300
 927  0.9270  -0.6299
 928  0.9280  -0.6298
 929  0.9290  -0.6297
 930  0.9300  -0.6295
 931  0.9310  -0.6294
 932  0.9320  -0.6293
 933  0.9330  -0.6292
 934  0.9340  -0.6291
 935  0.9350  -0.6289
 936  0.9360  -0.6288
 937  0.9370  -0.6287
 938  0.9380  -0.6286
 939  0.9390  -0.6284
 940  0.9400  -0.6283
 941  0.9410  -0.6282
 942  0.9420  -0.6281
 943  0.9430  -0.6279
 944  0.9440  -0.6278
 945  0.9450  -0.6277
 946  0.9460  -0.6275
 947  0.9470  -0.6274
 948  0.9480  -0.6273
 949  0.9490  -0.6272
 950  0.9500  -0.6270
 951  0.9510  -0.6269
 952  0.9520  -0.6268
 953  0.9530  -0.6266
 954  0.9540  -0.6265
 955  0.9550  -0.6264
 956  0.9560  -0.6263
 957  0.9570  -0.6261
 958  0.9580  -0.6260
 959  0.9590  -0.6259
 960  0.9600  -0.6257
 961  0.9610  -0.6256
 962  0.9620  -0.6255
 963  0.9630  -0.6253
 964  0.9640  -0.6252
 965  0.9650  -0.6251
 966  0.9660  -0.6249
 967  0.9670  -0.6248
 968  0.9680  -0.6247
 969  0.9690  -0.6245
 970  0.9700  -0.6244
 971  0.9710  -0.6243
 972  0.9720  -0.6241
 973  0.9730  -0.6240
 974  0.9740  -0.6239
 975  0.9750  -0.6237
 976  0.9760  -0.6236
 977  0.9770  -0.6234
 978  0.9780  -0.6233
 979  0.9790  -0.6232
 980  0.9800  -0.6230
 981  0.9810  -0.6229
 982  0.9820  -0.6228
 983  0.9830  -0.6226
 984  0.9840  -0.6225
 985  0.9850  -0.6223
 986  0.9860  -0.6222
 987  0.9870  -0.6221
 988  0.9880  -0.6219
 989  0.9890  -0.6218
 990  0.9900  -0.6216
 991  0.9910  -0.6215
 992  0.9920  -0.6213
 993  0.9930  -0.6212
 994  0.9940  -0.6211
 995  0.9950  -0.6209
 996  0.9960  -0.6208
 997  0.9970  -0.6206
 998  0.9980  -0.6205
 999  0.9990  -0.6203
1000  1.0000  -0.6202
1001  1.0010  -0.6201
1002  1.0020  -0.6199
1003  1.0030  -0.6198
1004  1.0040  -0.6196
1005  1.0050  -0.6195
1006  1.0060  -0.6193
1007  1.0070  -0.6192
1008  1.0080  -0.6190
1009  1.0090  -0.6189
1010  1.0100  -0.6187
1011  1.0110  -0.6186
1012  1.0120  -0.6184
1013  1.0130  -0.6183
1014  1.0140  -0.6181
1015  1.0150  -0.6180
1016  1.0160  -0.6179
1017  1.0170  -0.6177
1018  1.0180  -0.6176
1019  1.0190  -0.6174
1020  1.0200  -0.6173
1021  1.0210  -0.6171
1022  1.0220  -0.6169
1023  1.0230  -0.6168
1024  1.0240  -0.6166
1025  1.0250  -0.6165
1026  1.0260  -0.6163
1027  1.0270  -0.6162
1028  1.0280  -0.6160
1029  1.0290  -0.6159
1030  1.0300  -0.6157
1031  1.0310  -0.6156
1032  1.0320  -0.6154
1033  1.0330  -0.6153
1034  1.0340  -0.6151
1035  1.0350  -0.6150
1036  1.0360  -0.6148
1037  1.0370  -0.6146
1038  1.0380  -0.6145
1039  1.0390  -0.6143
1040  1.0400  -0.6142
1041  1.0410  -0.6140
1042  1.0420  -0.6139
1043  1.0430  -0.6137
1044  1.0440  -0.6135
1045  1.0450  -0.6134
1046  1.0460  -0.6132
1047  1.0470  -0.6131
1048  1.0480  -0.6129
1049  1.0490  -0.6128
1050  1.0500  -0.6126
1051  1.0510  -0.6124
1052  1.0520  -0.6123
1053  1.0530  -0.6121
1054  1.0540  -0.6120
1055  1.0550  -0.6118
1056  1.0560  -0.6116
1057  1.0570  -0.6115
1058  1.0580  -0.6113
1059  1.0590  -0.6111
1060  1.0600  -0.6110
1061  1.0610  -0.6108
1062  1.0620  -0.6107
1063  1.0630  -0.6105
1064  1.0640  -0.6103
1065  1.0650  -0.6102
1066  1.0660  -0.6100
1067  1.0670  -0.6098
1068  1.0680  -0.6097
1069  1.0690  -0.6095
1070  1.0700  -0.6093
1071  1.0710  -0.6092
1072  1.0720  -0.6090
1073  1.0730  -0.6088
1074  1.0740  -0.6087
1075  1.0750  -0.6085
1076  1.0760  -0.6083
1077  1.0770  -0.6082
1078  1.0780  -0.6080
1079  1.0790  -0.6078
1080  1.0800  -0.6077
1081  1.0810  -0.6075
1082  1.0820  -0.6073
1083  1.0830  -0.6072
1084  1.0840  -0.6070
1085  1.0850  -0.6068
1086  1.0860  -0.6066
1087  1.0870  -0.6065
1088  1.0880  -0.6063
1089  1.0890  -0.6061
1090  1.0900  -0.6060
1091  1.0910  -0.6058
1092  1.0920  -0.6056
1093  1.0930  -0.6054
1094  1.0940  -0.6053
1095  1.0950  -0.6051
1096  1.0960  -0.6049
1097  1.0970  -0.6047
1098  1.0980  -0.6046
1099  1.0990  -0.6044
1100  1.1000  -0.6042
1101  1.1010  -0.6040
1102  1.1020  -0.6039
1103  1.1030  -0.6037
1104  1.1040  -0.6035
1105  1.1050  -0.6033
1106  1.1060  -0.6032
1107  1.1070  -0.6030
1108  1.1080  -0.6028
1109  1.1090  -0.6026
1110  1.1100  -0.6025
1111  1.1110  -0.6023
1112  1.1120  -0.6021
1113  1.1130  -0.6019
1114  1.1140  -0.6017
1115  1.1150  -0.6016
1116  1.1160  -0.6014
1117  1.1170  -0.6012
1118  1.1180  -0.6010
1119  1.1190  -0.6008
1120  1.1200  -0.6007
1121  1.1210  -0.6005
1122  1.1220  -0.6003
1123  1.1230  -0.6001
1124  1.1240  -0.5999
1125  1.1250  -0.5997
1126  1.1260  -0.5996
1127  1.1270  -0.5994
1128  1.1280  -0.5992
1129  1.1290  -0.5990
1130  1.1300  -0.5988
1131  1.1310  -0.5986
1132  1.1320  -0.5985
1133  1.1330  -0.5983
1134  1.1340  -0.5981
1135  1.1350  -0.5979
1136  1.1360  -0.5977
1137  1.1370  -0.5975
1138  1.1380  -0.5973
1139  1.1390  -0.5972
1140  1.1400  -0.5970
1141  1.1410  -0.5968
1142  1.1420  -0.5966
1143  1.1430  -0.5964
1144  1.1440  -0.5962
1145  1.1450  -0.5960
1146  1.1460  -0.5958
1147  1.1470  -0.5957
1148  1.1480  -0.5955
1149  1.1490  -0.5953
1150  1.1500  -0.5951
1151  1.1510  -0.5949
1152  1.1520  -0.5947
1153  1.1530  -0.5945
1154  1.1540  -0.5943
1155  1.1550  -0.5941
1156  1.1560  -0.5939
1157  1.1570  -0.5937
1158  1.1580  -0.5936
1159  1.1590  -0.5934
1160  1.1600  -0.5932
1161  1.1610  -0.5930
1162  1.1620  -0.5928
1163  1.1630  -0.5926
1164  1.1640  -0.5924
1165  1.1650  -0.5922
1166  1.1660  -0.5920
1167  1.1670  -0.5918
1168  1.1680  -0.5916
1169  1.1690  -0.5914
1170  1.1700  -0.5912
1171  1.1710  -0.5910
1172  1.1720  -0.5908
1173  1.1730  -0.5906
1174  1.1740  -0.5904
1175  1.1750  -0.5902
1176  1.1760  -0.5900
1177  1.1770  -0.5898
1178  1.1780  -0.5896
1179  1.1790  -0.5894
1180  1.1800  -0.5892
1181  1.1810  -0.5890
1182  1.1820  -0.5888
1183  1.1830  -0.5886
1184  1.1840  -0.5884
1185  1.1850  -0.5882
1186  1.1860  -0.5880
1187  1.1870  -0.5878
1188  1.1880  -0.5876
1189  1.1890  -0.5874
1190  1.1900  -0.5872
1191  1.1910  -0.5870
1192  1.1920  -0.5868
1193  1.1930  -0.5866
1194  1.1940  -0.5864
1195  1.1950  -0.5862
1196  1.1960  -0.5860
1197  1.1970  -0.5858
1198  1.1980  -0.5856
1199  1.1990  -0.5854
1200  1.2000  -0.5852
1201  1.2010  -0.5850
1202  1.2020  -0.5848
1203  1.2030  -0.5846
1204  1.2040  -0.5843
1205  1.2050  -0.5841
1206  1.2060  -0.5839
1207  1.2070  -0.5837
1208  1.2080  -0.5835
1209  1.2090  -0.5833
1210  1.2100  -0.5831
1211  1.2110  -0.5829
1212  1.2120  -0.5827
1213  1.2130  -0.5825
1214  1.2140  -0.5823
1215  1.2150  -0.5820
1216  1.2160  -0.5818
1217  1.2170  -0.5816
1218  1.2180  -0.5814
1219  1.2190  -0.5812
1220  1.2200  -0.5810
1221  1.2210  -0.5808
1222  1.2220  -0.5806
1223  1.2230  -0.5803
1224  1.2240  -0.5801
1225  1.2250  -0.5799
1226  1.2260  -0.5797
1227  1.2270  -0.5795
1228  1.2280  -0.5793
1229  1.2290  -0.5791
1230  1.2300  -0.5788
1231  1.2310  -0.5786
1232  1.2320  -0.5784
1233  1.2330  -0.5782
1234  1.2340  -0.5780
1235  1.2350  -0.5778
1236  1.2360  -0.5775
1237  1.2370  -0.5773
1238  1.2380  -0.5771
1239  1.2390  -0.5769
1240  1.2400  -0.5767
1241  1.2410  -0.5765
1242  1.2420  -0.5762
1243  1.2430  -0.5760
1244  1.2440  -0.5758
1245  1.2450  -0.5756
1246  1.2460  -0.5754
1247  1.2470  -0.5751
1248  1.2480  -0.5749
1249  1.2490  -0.5747
1250  1.2500  -0.5745
1251  1.2510  -0.5742
1252  1.2520  -0.5740
1253  1.2530  -0.5738
1254  1.2540  -0.5736
1255  1.2550  -0.5734
1256  1.2560  -0.5731
1257  1.2570  -0.5729
1258  1.2580  -0.5727
1259  1.2590  -0.5725
1260  1.2600  -0.5722
1261  1.2610  -0.5720
1262  1.2620  -0.5718
1263  1.2630  -0.5716
1264  1.2640  -0.5713
1265  1.2650  -0.5711
1266  1.2660  -0.5709
1267  1.2670  -0.5706
1268  1.2680  -0.5704
1269  1.2690  -0.5702
1270  1.2700  -0.5700
1271  1.2710  -0.5697
1272  1.2720  -0.5695
1273  1.2730  -0.5693
1274  1.2740  -0.5690
1275  1.2750  -0.5688
1276  1.2760  -0.5686
1277  1.2770  -0.5683
1278  1.2780  -0.5681
1279  1.2790  -0.5679
1280  1.2800  -0.5677
1281  1.2810  -0.5674
1282  1.2820  -0.5672
1283  1.2830  -0.5670
1284  1.2840  -0.5667
1285  1.2850  -0.5665
1286  1.2860  -0.5663
1287  1.2870  -0.5660
1288  1.2880  -0.5658
1289  1.2890  -0.5656
1290  1.2900  -0.5653
1291  1.2910  -0.5651
1292  1.2920  -0.5648
1293  1.2930  -0.5646
1294  1.2940  -0.5644
1295  1.2950  -0.5641
1296  1.2960  -0.5639
1297  1.2970  -0.5637
1298  1.2980  -0.5634
1299  1.2990  -0.5632
1300  1.3000  -0.5629
1301  1.3010  -0.5627
1302  1.3020  -0.5625
1303  1.3030  -0.5622
1304  1.3040  -0.5620
1305  1.3050  -0.5617
1306  1.3060  -0.5615
1307  1.3070  -0.5613
1308  1.3080  -0.5610
1309  1.3090  -0.5608
1310  1.3100  -0.5605
1311  1.3110  -0.5603
1312  1.3120  -0.5601
1313  1.3130  -0.5598
1314  1.3140  -0.5596
1315  1.3150  -0.5593
1316  1.3160  -0.5591
1317  1.3170  -0.5588
1318  1.3180  -0.5586
1319  1.3190  -0.5583
1320  1.3200  -0.5581
1321  1.3210  -0.5579
1322  1.3220  -0.5576
1323  1.3230  -0.5574
1324  1.3240  -0.5571
1325  1.3250  -0.5569
1326  1.3260  -0.5566
1327  1.3270  -0.5564
1328  1.3280  -0.5561
1329  1.3290  -0.5559
1330  1.3300  -0.5556
1331  1.3310  -0.5554
1332  1.3320  -0.5551
1333  1.3330  -0.5549
1334  1.3340  -0.5546
1335  1.3350  -0.5544
1336  1.3360  -0.5541
1337  1.3370  -0.5539
1338  1.3380  -0.5536
1339  1.3390  -0.5534
1340  1.3400  -0.5531
1341  1.3410  -0.5529
1342  1.3420  -0.5526
1343  1.3430  -0.5524
1344  1.3440  -0.5521
1345  1.3450  -0.5518
1346  1.3460  -0.5516
1347  1.3470  -0.5513
1348  1.3480  -0.5511
1349  1.3490  -0.5508
1350  1.3500  -0.5506
1351  1.3510  -0.5503
1352  1.3520  -0.5501
1353  1.3530  -0.5498
1354  1.3540  -0.5495
1355  1.3550  -0.5493
1356  1.3560  -0.5490
1357  1.3570  -0.5488
1358  1.3580  -0.5485
1359  1.3590  -0.5482
1360  1.3600  -0.5480
1361  1.3610  -0.5477
1362  1.3620  -0.5475
1363  1.3630  -0.5472
1364  1.3640  -0.5469
1365  1.3650  -0.5467
1366  1.3660  -0.5464
1367  1.3670  -0.5462
1368  1.3680  -0.5459
1369  1.3690  -0.5456
1370  1.3700  -0.5454
1371  1.3710  -0.5451
1372  1.3720  -0.5448
1373  1.3730  -0.5446
1374  1.3740  -0.5443
1375  1.3750  -0.5440
1376  1.3760  -0.5438
1377  1.3770  -0.5435
1378  1.3780  -0.5433
1379  1.3790  -0.5430
1380  1.3800  -0.5427
1381  1.3810  -0.5425
1382  1.3820  -0.5422
1383  1.3830  -0.5419
1384  1.3840  -0.5416
1385  1.3850  -0.5414
1386  1.3860  -0.5411
1387  1.3870  -0.5408
1388  1.3880  -0.5406
1389  1.3890  -0.5403
1390  1.3900  -0.5400
1391  1.3910  -0.5398
1392  1.3920  -0.5395
1393  1.3930  -0.5392
1394  1.3940  -0.5389
1395  1.3950  -0.5387
1396  1.3960  -0.5384
1397  1.3970  -0.5381
1398  1.3980  -0.5378
1399  1.3990  -0.5376
1400  1.4000  -0.5373
1401  1.4010  -0.5370
1402  1.4020  -0.5367
1403  1.4030  -0.5365
1404  1.4040  -0.5362
1405  1.4050  -0.5359
1406  1.4060  -0.5356
1407  1.4070  -0.5354
1408  1.4080  -0.5351
1409  1.4090  -0.5348
1410  1.4100  -0.5345
1411  1.4110  -0.5343
1412  1.4120  -0.5340
1413  1.4130  -0.5337
1414  1.4140  -0.5334
1415  1.4150  -0.5331
1416  1.4160  -0.5329
1417  1.4170  -0.5326
1418  1.4180  -0.5323
1419  1.4190  -0.5320
1420  1.4200  -0.5317
1421  1.4210  -0.5314
1422  1.4220  -0.5312
1423  1.4230  -0.5309
1424  1.4240  -0.5306
1425  1.4250  -0.5303
1426  1.4260  -0.5300
1427  1.4270  -0.5297
1428  1.4280  -0.5295
1429  1.4290  -0.5292
1430  1.4300  -0.5289
1431  1.4310  -0.5286
1432  1.4320  -0.5283
1433  1.4330  -0.5280
1434  1.4340  -0.5277
1435  1.4350  -0.5274
1436  1.4360  -0.5272
1437  1.4370  -0.5269
1438  1.4380  -0.5266
1439  1.4390  -0.5263
1440  1.4400  -0.5260
1441  1.4410  -0.5257
1442  1.4420  -0.5254
1443  1.4430  -0.5251
1444  1.4440  -0.5248
1445  1.4450  -0.5245
1446  1.4460  -0.5242
1447  1.4470  -0.5240
1448  1.4480  -0.5237
1449  1.4490  -0.5234
1450  1.4500  -0.5231
1451  1.4510  -0.5228
1452  1.4520  -0.5225
1453  1.4530  -0.5222
1454  1.4540  -0.5219
1455  1.4550  -0.5216
1456  1.4560  -0.5213
1457  1.4570  -0.5210
1458  1.4580  -0.5207
1459  1.4590  -0.5204
1460  1.4600  -0.5201
1461  1.4610  -0.5198
1462  1.4620  -0.5195
1463  1.4630  -0.5192
1464  1.4640  -0.5189
1465  1.4650  -0.5186
1466  1.4660  -0.5183
1467  1.4670  -0.5180
1468  1.4680  -0.5177
1469  1.4690  -0.5174
1470  1.4700  -0.5171
1471  1.4710  -0.5168
1472  1.4720  -0.5165
1473  1.4730  -0.5162
1474  1.4740  -0.5159
1475  1.4750  -0.5156
1476  1.4760  -0.5153
1477  1.4770  -0.5150
1478  1.4780  -0.5147
1479  1.4790  -0.5144
1480  1.4800  -0.5141
1481  1.4810  -0.5137
1482  1.4820  -0.5134
1483  1.4830  -0.5131
1484  1.4840  -0.5128
1485  1.4850  -0.5125
1486  1.4860  -0.5122
1487  1.4870  -0.5119
1488  1.4880  -0.5116
1489  1.4890  -0.5113
1490  1.4900  -0.5110
1491  1.4910  -0.5107
1492  1.4920  -0.5103
1493  1.4930  -0.5100
1494  1.4940  -0.5097
1495  1.4950  -0.5094
1496  1.4960  -0.5091
1497  1.4970  -0.5088
1498  1.4980  -0.5085
1499  1.4990  -0.5081
1500  1.5000  -0.5078
1501  1.5010  -0.5075
1502  1.5020  -0.5072
1503  1.5030  -0.5069
1504  1.5040  -0.5066
1505  1.5050  -0.5062
1506  1.5060  -0.5059
1507  1.5070  -0.5056
1508  1.5080  -0.5053
1509  1.5090  -0.5050
1510  1.5100  -0.5047
1511  1.5110  -0.5043
1512  1.5120  -0.5040
1513  1.5130  -0.5037
1514  1.5140  -0.5034
1515  1.5150  -0.5030
1516  1.5160  -0.5027
1517  1.5170  -0.5024
1518  1.5180  -0.5021
1519  1.5190  -0.5018
1520  1.5200  -0.5014
1521  1.5210  -0.5011
1522  1.5220  -0.5008
1523  1.5230  -0.5005
1524  1.5240  -0.5001
1525  1.5250  -0.4998
1526  1.5260  -0.4995
1527  1.5270  -0.4991
1528  1.5280  -0.4988
1529  1.5290  -0.4985
1530  1.5300  -0.4982
1531  1.5310  -0.4978
1532  1.5320  -0.4975
1533  1.5330  -0.4972
1534  1.5340  -0.4968
1535  1.5350  -0.4965
1536  1.5360  -0.4962
1537  1.5370  -0.4958
1538  1.5380  -0.4955
1539  1.5390  -0.4952
1540  1.5400  -0.4948
1541  1.5410  -0.4945
1542  1.5420  -0.4942
1543  1.5430  -0.4938
1544  1.5440  -0.4935
1545  1.5450  -0.4932
1546  1.5460  -0.4928
1547  1.5470  -0.4925
1548  1.5480  -0.4922
1549  1.5490  -0.4918
1550  1.5500  -0.4915
1551  1.5510  -0.4911
1552  1.5520  -0.4908
1553  1.5530  -0.4905
1554  1.5540  -0.4901
1555  1.5550  -0.4898
1556  1.5560  -0.4894
1557  1.5570  -0.4891
1558  1.5580  -0.4888
1559  1.5590  -0.4884
1560  1.5600  -0.4881
1561  1.5610  -0.4877
1562  1.5620  -0.4874
1563  1.5630  -0.4870
1564  1.5640  -0.4867
1565  1.5650  -0.4864
1566  1.5660  -0.4860
1567  1.5670  -0.4857
1568  1.5680  -0.4853
1569  1.5690  -0.4850
1570  1.5700  -0.4846
1571  1.5710  -0.4843
1572  1.5720  -0.4839
1573  1.5730  -0.4836
1574  1.5740  -0.4832
1575  1.5750  -0.4829
1576  1.5760  -0.4825
1577  1.5770  -0.4822
1578  1.5780  -0.4818
1579  1.5790  -0.4815
1580  1.5800  -0.4811
1581  1.5810  -0.4808
1582  1.5820  -0.4804
1583  1.5830  -0.4800
1584  1.5840  -0.4797
1585  1.5850  -0.4793
1586  1.5860  -0.4790
1587  1.5870  -0.4786
1588  1.5880  -0.4783
1589  1.5890  -0.4779
1590  1.5900  -0.4776
1591  1.5910  -0.4772
1592  1.5920  -0.4768
1593  1.5930  -0.4765
1594  1.5940  -0.4761
1595  1.5950  -0.4758
1596  1.5960  -0.4754
1597  1.5970  -0.4750
1598  1.5980  -0.4747
1599  1.5990  -0.4743
1600  1.6000  -0.4739
1601  1.6010  -0.4736
1602  1.6020  -0.4732
1603  1.6030  -0.4728
1604  1.6040  -0.4725
1605  1.6050  -0.4721
1606  1.6060  -0.4717
1607  1.6070  -0.4714
1608  1.6080  -0.4710
1609  1.6090  -0.4706
1610  1.6100  -0.4703
1611  1.6110  -0.4699
1612  1.6120  -0.4695
1613  1.6130  -0.4692
1614  1.6140  -0.4688
1615  1.6150  -0.4684
1616  1.6160  -0.4681
1617  1.6170  -0.4677
1618  1.6180  -0.4673
1619  1.6190  -0.4669
1620  1.6200  -0.4666
1621  1.6210  -0.4662
1622  1.6220  -0.4658
1623  1.6230  -0.4654
1624  1.6240  -0.4651
1625  1.6250  -0.4647
1626  1.6260  -0.4643
1627  1.6270  -0.4639
1628  1.6280  -0.4635
1629  1.6290  -0.4632
1630  1.6300  -0.4628
1631  1.6310  -0.4624
1632  1.6320  -0.4620
1633  1.6330  -0.4616
1634  1.6340  -0.4613
1635  1.6350  -0.4609
1636  1.6360  -0.4605
1637  1.6370  -0.4601
1638  1.6380  -0.4597
1639  1.6390  -0.4593
1640  1.6400  -0.4590
1641  1.6410  -0.4586
1642  1.6420  -0.4582
1643  1.6430  -0.4578
1644  1.6440  -0.4574
1645  1.6450  -0.4570
1646  1.6460  -0.4566
1647  1.6470  -0.4562
1648  1.6480  -0.4558
1649  1.6490  -0.4555
1650  1.6500  -0.4551
1651  1.6510  -0.4547
1652  1.6520  -0.4543
1653  1.6530  -0.4539
1654  1.6540  -0.4535
1655  1.6550  -0.4531
1656  1.6560  -0.4527
1657  1.6570  -0.4523
1658  1.6580  -0.4519
1659  1.6590  -0.4515
1660  1.6600  -0.4511
1661  1.6610  -0.4507
1662  1.6620  -0.4503
1663  1.6630  -0.4499
1664  1.6640  -0.4495
1665  1.6650  -0.4491
1666  1.6660  -0.4487
1667  1.6670  -0.4483
1668  1.6680  -0.4479
1669  1.6690  -0.4475
1670  1.6700  -0.4471
1671  1.6710  -0.4467
1672  1.6720  -0.4463
1673  1.6730  -0.4459
1674  1.6740  -0.4455
1675  1.6750  -0.4451
1676  1.6760  -0.4447
1677  1.6770  -0.4443
1678  1.6780  -0.4439
1679  1.6790  -0.4435
1680  1.6800  -0.4430
1681  1.6810  -0.4426
1682  1.6820  -0.4422
1683  1.6830  -0.4418
1684  1.6840  -0.4414
1685  1.6850  -0.4410
1686  1.6860  -0.4406
1687  1.6870  -0.4402
1688  1.6880  -0.4397
1689  1.6890  -0.4393
1690  1.6900  -0.4389
1691  1.6910  -0.4385
1692  1.6920  -0.4381
1693  1.6930  -0.4377
1694  1.6940  -0.4372
1695  1.6950  -0.4368
1696  1.6960  -0.4364
1697  1.6970  -0.4360
1698  1.6980  -0.4356
1699  1.6990  -0.4351
1700  1.7000  -0.4347
1701  1.7010  -0.4343
1702  1.7020  -0.4339
1703  1.7030  -0.4334
1704  1.7040  -0.4330
1705  1.7050  -0.4326
1706  1.7060  -0.4322
1707  1.7070  -0.4317
1708  1.7080  -0.4313
1709  1.7090  -0.4309
1710  1.7100  -0.4304
1711  1.7110  -0.4300
1712  1.7120  -0.4296
1713  1.7130  -0.4291
1714  1.7140  -0.4287
1715  1.7150  -0.4283
1716  1.7160  -0.4278
1717  1.7170  -0.4274
1718  1.7180  -0.4270
1719  1.7190  -0.4265
1720  1.7200  -0.4261
1721  1.7210  -0.4257
1722  1.7220  -0.4252
1723  1.7230  -0.4248
1724  1.7240  -0.4243
1725  1.7250  -0.4239
1726  1.7260  -0.4235
1727  1.7270  -0.4230
1728  1.7280  -0.4226
1729  1.7290  -0.4221
1730  1.7300  -0.4217
1731  1.7310  -0.4212
1732  1.7320  -0.4208
1733  1.7330  -0.4204
1734  1.7340  -0.4199
1735  1.7350  -0.4195
1736  1.7360  -0.4190
1737  1.7370  -0.4186
1738  1.7380  -0.4181
1739  1.7390  -0.4177
1740  1.7400  -0.4172
1741  1.7410  -0.4168
1742  1.7420  -0.4163
1743  1.7430  -0.4159
1744  1.7440  -0.4154
1745  1.7450  -0.4149
1746  1.7460  -0.4145
1747  1.7470  -0.4140
1748  1.7480  -0.4136
1749  1.7490  -0.4131
1750  1.7500  -0.4127
1751  1.7510  -0.4122
1752  1.7520  -0.4117
1753  1.7530  -0.4113
1754  1.7540  -0.4108
1755  1.7550  -0.4103
1756  1.7560  -0.4099
1757  1.7570  -0.4094
1758  1.7580  -0.4089
1759  1.7590  -0.4085
1760  1.7600  -0.4080
1761  1.7610  -0.4075
1762  1.7620  -0.4071
1763  1.7630  -0.4066
1764  1.7640  -0.4061
1765  1.7650  -0.4057
1766  1.7660  -0.4052
1767  1.7670  -0.4047
1768  1.7680  -0.4042
1769  1.7690  -0.4038
1770  1.7700  -0.4033
1771  1.7710  -0.4028
1772  1.7720  -0.4023
1773  1.7730  -0.4019
1774  1.7740  -0.4014
1775  1.7750  -0.4009
1776  1.7760  -0.4004
1777  1.7770  -0.3999
1778  1.7780  -0.3995
1779  1.7790  -0.3990
1780  1.7800  -0.3985
1781  1.7810  -0.3980
1782  1.7820  -0.3975
1783  1.7830  -0.3970
1784  1.7840  -0.3965
1785  1.7850  -0.3961
1786  1.7860  -0.3956
1787  1.7870  -0.3951
1788  1.7880  -0.3946
1789  1.7890  -0.3941
1790  1.7900  -0.3936
1791  1.7910  -0.3931
1792  1.7920  -0.3926
1793  1.7930  -0.3921
1794  1.7940  -0.3916
1795  1.7950  -0.3911
1796  1.7960  -0.3906
1797  1.7970  -0.3901
1798  1.7980  -0.3896
1799  1.7990  -0.3891
1800  1.8000  -0.3886
1801  1.8010  -0.3881
1802  1.8020  -0.3876
1803  1.8030  -0.3871
1804  1.8040  -0.3866
1805  1.8050  -0.3861
1806  1.8060  -0.3856
1807  1.8070  -0.3851
1808  1.8080  -0.3846
1809  1.8090  -0.3841
1810  1.8100  -0.3836
1811  1.8110  -0.3830
1812  1.8120  -0.3825
1813  1.8130  -0.3820
1814  1.8140  -0.3815
1815  1.8150  -0.3810
1816  1.8160  -0.3805
1817  1.8170  -0.3799
1818  1.8180  -0.3794
1819  1.8190  -0.3789
1820  1.8200  -0.3784
1821  1.8210  -0.3779
1822  1.8220  -0.3773
1823  1.8230  -0.3768
1824  1.8240  -0.3763
1825  1.8250  -0.3758
1826  1.8260  -0.3752
1827  1.8270  -0.3747
1828  1.8280  -0.3742
1829  1.8290  -0.3736
1830  1.8300  -0.3731
1831  1.8310  -0.3726
1832  1.8320  -0.3720
1833  1.8330  -0.3715
1834  1.8340  -0.3710
1835  1.8350  -0.3704
1836  1.8360  -0.3699
1837  1.8370  -0.3694
1838  1.8380  -0.3688
1839  1.8390  -0.3683
1840  1.8400  -0.3677
1841  1.8410  -0.3672
1842  1.8420  -0.3666
1843  1.8430  -0.3661
1844  1.8440  -0.3655
1845  1.8450  -0.3650
1846  1.8460  -0.3644
1847  1.8470  -0.3639
1848  1.8480  -0.3633
1849  1.8490  -0.3628
1850  1.8500  -0.3622
1851  1.8510  -0.3617
1852  1.8520  -0.3611
1853  1.8530  -0.3606
1854  1.8540  -0.3600
1855  1.8550  -0.3594
1856  1.8560  -0.3589
1857  1.8570  -0.3583
1858  1.8580  -0.3578
1859  1.8590  -0.3572
1860  1.8600  -0.3566
1861  1.8610  -0.3561
1862  1.8620  -0.3555
1863  1.8630  -0.3549
1864  1.8640  -0.3544
1865  1.8650  -0.3538
1866  1.8660  -0.3532
1867  1.8670  -0.3526
1868  1.8680  -0.3521
1869  1.8690  -0.3515
1870  1.8700  -0.3509
1871  1.8710  -0.3503
1872  1.8720  -0.3497
1873  1.8730  -0.3492
1874  1.8740  -0.3486
1875  1.8750  -0.3480
1876  1.8760  -0.3474
1877  1.8770  -0.3468
1878  1.8780  -0.3462
1879  1.8790  -0.3456
1880  1.8800  -0.3450
1881  1.8810  -0.3444
1882  1.8820  -0.3438
1883  1.8830  -0.3432
1884  1.8840  -0.3426
1885  1.8850  -0.3421
1886  1.8860  -0.3415
1887  1.8870  -0.3408
1888  1.8880  -0.3402
1889  1.8890  -0.3396
1890  1.8900  -0.3390
1891  1.8910  -0.3384
1892  1.8920  -0.3378
1893  1.8930  -0.3372
1894  1.8940  -0.3366
1895  1.8950  -0.3360
1896  1.8960  -0.3354
1897  1.8970  -0.3347
1898  1.8980  -0.3341
1899  1.8990  -0.3335
1900  1.9000  -0.3329
1901  1.9010  -0.3323
1902  1.9020  -0.3316
1903  1.9030  -0.3310
1904  1.9040  -0.3304
1905  1.9050  -0.3298
1906  1.9060  -0.3291
1907  1.9070  -0.3285
1908  1.9080  -0.3279
1909  1.9090  -0.3272
1910  1.9100  -0.3266
1911  1.9110  -0.3260
1912  1.9120  -0.3253
1913  1.9130  -0.3247
1914  1.9140  -0.3240
1915  1.9150  -0.3234
1916  1.9160  -0.3227
1917  1.9170  -0.3221
1918  1.9180  -0.3214
1919  1.9190  -0.3208
1920  1.9200  -0.3201
1921  1.9210  -0.3195
1922  1.9220  -0.3188
1923  1.9230  -0.3181
1924  1.9240  -0.3175
1925  1.9250  -0.3168
1926  1.9260  -0.3162
1927  1.9270  -0.3155
1928  1.9280  -0.3148
1929  1.9290  -0.3141
1930  1.9300  -0.3135
1931  1.9310  -0.3128
1932  1.9320  -0.3121
1933  1.9330  -0.3114
1934  1.9340  -0.3108
1935  1.9350  -0.3101
1936  1.9360  -0.3094
1937  1.9370  -0.3087
1938  1.9380  -0.3080
1939  1.9390  -0.3073
1940  1.9400  -0.3066
1941  1.9410  -0.3060
1942  1.9420  -0.3052
1943  1.9430  -0.3046
1944  1.9440  -0.3038
1945  1.9450  -0.3031
1946  1.9460  -0.3024
1947  1.9470  -0.3018
1948  1.9480  -0.3011
1949  1.9490  -0.3003
1950  1.9500  -0.2996
1951  1.9510  -0.2989
1952  1.9520  -0.2981
1953  1.9530  -0.2974
1954  1.9540  -0.2967
1955  1.9550  -0.2960
1956  1.9560  -0.2952
1957  1.9570  -0.2945
1958  1.9580  -0.2938
1959  1.9590  -0.2931
1960  1.9600  -0.2924
1961  1.9610  -0.2916
1962  1.9620  -0.2909
1963  1.9630  -0.2901
1964  1.9640  -0.2893
1965  1.9650  -0.2886
1966  1.9660  -0.2879
1967  1.9670  -0.2872
1968  1.9680  -0.2863
1969  1.9690  -0.2855
1970  1.9700  -0.2848
1971  1.9710  -0.2840
1972  1.9720  -0.2833
1973  1.9730  -0.2824
1974  1.9740  -0.2815
1975  1.9750  -0.2810
1976  1.9760  -0.2800
1977  1.9770  -0.2793
1978  1.9780  -0.2784
1979  1.9790  -0.2776
1980  1.9800  -0.2768
1981  1.9810  -0.2762
1982  1.9820  -0.2756
1983  1.9830  -0.2746
1984  1.9840  -0.2737
1985  1.9850  -0.2729
1986  1.9860  -0.2723
1987  1.9870  -0.2711
1988  1.9880  -0.2708
1989  1.9890  -0.2701
1990  1.9900  -0.2686
1991  1.9910  -0.2679
1992  1.9920  -0.2675
1993  1.9930  -0.2669
1994  1.9940  -0.2659
1995  1.9950  -0.2645
1996  1.9960  -0.2635
1997  1.9970  -0.2638
1998  1.9980  -0.2620
1999  1.9990  -0.2603
2000  2.0000  -0.2598
2001  2.0010  -0.2581
2002  2.0020  -0.2582
2003  2.0030  -0.2559
2004  2.0040  -0.2546
2005  2.0050  -0.2557
2006  2.0060  -0.2533
2007  2.0070  -0.2516
2008  2.0080  -0.2525
2009  2.0090  -0.2514
2010  2.0100  -0.2502
2011  2.0110  -0.2477
2012  2.0120  -0.2450
2013  2.0130  -0.2371
2014  2.0140  -0.2366
2015  2.0150  -0.2394
2016  2.0160  -0.2242
2017  2.0170  -0.2208
2018  2.0180  -0.2364
2019  2.0190  -0.2016
2020  2.0200  -0.1905
2021  2.0210  -0.0877
2022  2.0220   0.0000
2023  2.0230   0.0000
2024  2.0240   0.0000
2025  2.0250   0.0000
2026  2.0260   0.0000
2027  2.0270   0.0000
2028  2.0280   0.0000
2029  2.0290   0.0000
2030  2.0300   0.0000
2031  2.0310   0.0000
2032  2.0320   0.0000
2033  2.0330   0.0000
2034  2.0340   0.0000
2035  2.0350   0.0000
2036  2.0360   0.0000
2037  2.0370   0.0000
2038  2.0380   0.0000
2039  2.0390   0.0000
