700,0.2200,22
699,0.2199,21.99
698,0.2201,22.01
697,0.2201,22.01
696,0.2204,22.04
695,0.2200,22
694,0.2202,22.02
693,0.2200,22
692,0.2203,22.03
691,0.2202,22.02
690,0.2205,22.05
689,0.2209,22.09
688,0.2208,22.08
687,0.2203,22.03
686,0.2202,22.02
685,0.2204,22.04
684,0.2204,22.04
683,0.2202,22.02
682,0.2207,22.07
681,0.2205,22.05
680,0.2206,22.06
679,0.2211,22.11
678,0.2209,22.09
677,0.2209,22.09
676,0.2205,22.05
675,0.2209,22.09
674,0.2207,22.07
673,0.2207,22.07
672,0.2213,22.13
671,0.2214,22.14
670,0.2211,22.11
669,0.2214,22.14
668,0.2210,22.1
667,0.2214,22.14
666,0.2214,22.14
665,0.2212,22.12
664,0.2212,22.12
663,0.2213,22.13
662,0.2213,22.13
661,0.2220,22.2
660,0.2218,22.18
659,0.2219,22.19
658,0.2217,22.17
657,0.2217,22.17
656,0.2218,22.18
655,0.2220,22.2
654,0.2223,22.23
653,0.2221,22.21
652,0.2221,22.21
651,0.2221,22.21
650,0.2219,22.19
649,0.2223,22.23
648,0.2224,22.24
647,0.2224,22.24
646,0.2226,22.26
645,0.2228,22.28
644,0.2225,22.25
643,0.2227,22.27
642,0.2227,22.27
641,0.2228,22.28
640,0.2228,22.28
639,0.2230,22.3
638,0.2230,22.3
637,0.2230,22.3
636,0.2231,22.31
635,0.2233,22.33
634,0.2232,22.32
633,0.2232,22.32
632,0.2232,22.32
631,0.2237,22.37
630,0.2234,22.34
629,0.2237,22.37
628,0.2232,22.32
627,0.2236,22.36
626,0.2237,22.37
625,0.2237,22.37
624,0.2235,22.35
623,0.2237,22.37
622,0.2237,22.37
621,0.2238,22.38
620,0.2241,22.41
619,0.2243,22.43
618,0.2243,22.43
617,0.2241,22.41
616,0.2243,22.43
615,0.2242,22.42
614,0.2244,22.44
613,0.2245,22.45
612,0.2248,22.48
611,0.2246,22.46
610,0.2247,22.47
609,0.2248,22.48
608,0.2251,22.51
607,0.2249,22.49
606,0.2251,22.51
605,0.2252,22.52
604,0.2252,22.52
603,0.2255,22.55
602,0.2254,22.54
601,0.2255,22.55
600,0.2255,22.55
599,0.2254,22.54
598,0.2257,22.57
597,0.2258,22.58
596,0.2257,22.57
595,0.2257,22.57
594,0.2261,22.61
593,0.2262,22.62
592,0.2263,22.63
591,0.2261,22.61
590,0.2263,22.63
589,0.2263,22.63
588,0.2263,22.63
587,0.2265,22.65
586,0.2262,22.62
585,0.2267,22.67
584,0.2268,22.68
583,0.2265,22.65
582,0.2269,22.69
581,0.2269,22.69
580,0.2270,22.7
579,0.2270,22.7
578,0.2272,22.72
577,0.2274,22.74
576,0.2272,22.72
575,0.2272,22.72
574,0.2277,22.77
573,0.2279,22.79
572,0.2274,22.74
571,0.2279,22.79
570,0.2279,22.79
569,0.2282,22.82
568,0.2282,22.82
567,0.2279,22.79
566,0.2280,22.8
565,0.2283,22.83
564,0.2284,22.84
563,0.2287,22.87
562,0.2290,22.9
561,0.2285,22.85
560,0.2289,22.89
559,0.2294,22.94
558,0.2292,22.92
557,0.2294,22.94
556,0.2296,22.96
555,0.2297,22.97
554,0.2302,23.02
553,0.2302,23.02
552,0.2300,23
551,0.2305,23.05
550,0.2302,23.02
549,0.2307,23.07
548,0.2306,23.06
547,0.2308,23.08
546,0.2304,23.04
545,0.2315,23.15
544,0.2311,23.11
543,0.2312,23.12
542,0.2316,23.16
541,0.2317,23.17
540,0.2317,23.17
539,0.2321,23.21
538,0.2321,23.21
537,0.2325,23.25
536,0.2329,23.29
535,0.2324,23.24
534,0.2330,23.3
533,0.2332,23.32
532,0.2334,23.34
531,0.2335,23.35
530,0.2337,23.37
529,0.2341,23.41
528,0.2339,23.39
527,0.2343,23.43
526,0.2347,23.47
525,0.2351,23.51
524,0.2347,23.47
523,0.2353,23.53
522,0.2351,23.51
521,0.2351,23.51
520,0.2355,23.55
519,0.2359,23.59
518,0.2358,23.58
517,0.2362,23.62
516,0.2364,23.64
515,0.2363,23.63
514,0.2371,23.71
513,0.2367,23.67
512,0.2374,23.74
511,0.2373,23.73
510,0.2378,23.78
509,0.2379,23.79
508,0.2385,23.85
507,0.2384,23.84
506,0.2389,23.89
505,0.2385,23.85
504,0.2393,23.93
503,0.2392,23.92
502,0.2395,23.95
501,0.2398,23.98
500,0.2405,24.05
499,0.2401,24.01
498,0.2407,24.07
497,0.2409,24.09
496,0.2413,24.13
495,0.2417,24.17
494,0.2419,24.19
493,0.2422,24.22
492,0.2427,24.27
491,0.2424,24.24
490,0.2427,24.27
489,0.2430,24.3
488,0.2432,24.32
487,0.2435,24.35
486,0.2442,24.42
485,0.2445,24.45
484,0.2445,24.45
483,0.2454,24.54
482,0.2454,24.54
481,0.2455,24.55
480,0.2463,24.63
479,0.2467,24.67
478,0.2467,24.67
477,0.2475,24.75
476,0.2476,24.76
475,0.2480,24.8
474,0.2483,24.83
473,0.2489,24.89
472,0.2494,24.94
471,0.2494,24.94
470,0.2497,24.97
469,0.2503,25.03
468,0.2509,25.09
467,0.2508,25.08
466,0.2517,25.17
465,0.2521,25.21
464,0.2522,25.22
463,0.2527,25.27
462,0.2535,25.35
461,0.2535,25.35
460,0.2545,25.45
459,0.2543,25.43
458,0.2550,25.5
457,0.2553,25.53
456,0.2558,25.58
455,0.2568,25.68
454,0.2570,25.7
453,0.2573,25.73
452,0.2576,25.76
451,0.2585,25.85
450,0.2593,25.93
449,0.2594,25.94
448,0.2599,25.99
447,0.2603,26.03
446,0.2609,26.09
445,0.2617,26.17
444,0.2627,26.27
443,0.2626,26.26
442,0.2638,26.38
441,0.2648,26.48
440,0.2651,26.51
439,0.2656,26.56
438,0.2665,26.65
437,0.2665,26.65
436,0.2674,26.74
435,0.2685,26.85
434,0.2689,26.89
433,0.2699,26.99
432,0.2705,27.05
431,0.2720,27.2
430,0.2716,27.16
429,0.2728,27.28
428,0.2734,27.34
427,0.2742,27.42
426,0.2751,27.51
425,0.2755,27.55
424,0.2764,27.64
423,0.2778,27.78
422,0.2781,27.81
421,0.2786,27.86
420,0.2800,28
419,0.2808,28.08
418,0.2818,28.18
417,0.2826,28.26
416,0.2840,28.4
415,0.2847,28.47
414,0.2856,28.56
413,0.2867,28.67
412,0.2876,28.76
411,0.2892,28.92
410,0.2908,29.08
409,0.2914,29.14
408,0.2927,29.27
407,0.2939,29.39
406,0.2943,29.43
405,0.2959,29.59
404,0.2975,29.75
403,0.2982,29.82
402,0.3000,30
401,0.3017,30.17
400,0.3029,30.29
399,0.3049,30.49
398,0.3070,30.7
397,0.3071,30.71
396,0.3094,30.94
395,0.3115,31.15
394,0.3133,31.33
393,0.3153,31.53
392,0.3160,31.6
391,0.3185,31.85
390,0.3191,31.91
389,0.3226,32.26
388,0.3238,32.38
387,0.3271,32.71
386,0.3292,32.92
385,0.3308,33.08
384,0.3335,33.35
383,0.3349,33.49
382,0.3373,33.73
381,0.3393,33.93
380,0.3431,34.31
379,0.3442,34.42
378,0.3477,34.77
377,0.3511,35.11
376,0.3519,35.19
375,0.3544,35.44
374,0.3564,35.64
373,0.3580,35.8
372,0.3578,35.78
371,0.3583,35.83
370,0.3624,36.24
369,0.3638,36.38
368,0.3617,36.17
367,0.3626,36.26
366,0.3626,36.26
365,0.3645,36.45
364,0.3607,36.07
363,0.3624,36.24
362,0.3639,36.39
361,0.3630,36.3
360,0.3621,36.21
359,0.3617,36.17
358,0.3618,36.18
357,0.3598,35.98
356,0.3589,35.89
355,0.3587,35.87
354,0.3588,35.88
353,0.3584,35.84
352,0.3546,35.46
351,0.3550,35.5
350,0.3525,35.25
349,0.3540,35.4
348,0.3542,35.42
347,0.3557,35.57
346,0.3575,35.75
345,0.3560,35.6
344,0.3552,35.52
343,0.3572,35.72
342,0.3557,35.57
341,0.3542,35.42
340,0.3545,35.45
339,0.3546,35.46
338,0.3553,35.53
337,0.3564,35.64
336,0.3564,35.64
335,0.3558,35.58
334,0.3570,35.7
333,0.3551,35.51
332,0.3576,35.76
331,0.3547,35.47
330,0.3552,35.52
329,0.3591,35.91
328,0.3580,35.8
327,0.3595,35.95
326,0.3585,35.85
325,0.3574,35.74
324,0.3590,35.9
323,0.3609,36.09
322,0.3592,35.92
321,0.3654,36.54
320,0.3640,36.4
319,0.3645,36.45
318,0.3637,36.37
317,0.3684,36.84
316,0.3712,37.12
315,0.3685,36.85
314,0.3702,37.02
313,0.3702,37.02
312,0.3743,37.43
311,0.3790,37.9
310,0.3784,37.84
309,0.3798,37.98
308,0.3821,38.21
307,0.3868,38.68
306,0.3877,38.77
305,0.3902,39.02
304,0.3960,39.6
303,0.3954,39.54
302,0.4014,40.14
301,0.4042,40.42
300,0.4062,40.62
299,0.4118,41.18
298,0.4158,41.58
297,0.4226,42.26
296,0.4277,42.77
295,0.4300,43
294,0.4359,43.59
293,0.4419,44.19
292,0.4482,44.82
291,0.4535,45.35
290,0.4571,45.71
289,0.4598,45.98
288,0.4632,46.32
287,0.4683,46.83
286,0.4733,47.33
285,0.4739,47.39
284,0.4790,47.9
283,0.4790,47.9
282,0.4817,48.17
281,0.4830,48.3
280,0.4872,48.72
160,0.4200,42
100,0.6200,62

