700,0.5009,50.09
699,0.5023,50.23
698,0.5021,50.21
697,0.5020,50.2
696,0.5019,50.19
695,0.5032,50.32
694,0.5042,50.42
693,0.5046,50.46
692,0.5051,50.51
691,0.5056,50.56
690,0.5049,50.49
689,0.5064,50.64
688,0.5069,50.69
687,0.5076,50.76
686,0.5082,50.82
685,0.5085,50.85
684,0.5084,50.84
683,0.5093,50.93
682,0.5103,51.03
681,0.5113,51.13
680,0.5111,51.11
679,0.5115,51.15
678,0.5117,51.17
677,0.5130,51.3
676,0.5133,51.33
675,0.5135,51.35
674,0.5143,51.43
673,0.5142,51.42
672,0.5150,51.5
671,0.5158,51.58
670,0.5162,51.62
669,0.5170,51.7
668,0.5171,51.71
667,0.5182,51.82
666,0.5182,51.82
665,0.5190,51.9
664,0.5202,52.02
663,0.5202,52.02
662,0.5211,52.11
661,0.5213,52.13
660,0.5213,52.13
659,0.5218,52.18
658,0.5228,52.28
657,0.5234,52.34
656,0.5233,52.33
655,0.5242,52.42
654,0.5251,52.51
653,0.5261,52.61
652,0.5257,52.57
651,0.5262,52.62
650,0.5272,52.72
649,0.5273,52.73
648,0.5282,52.82
647,0.5288,52.88
646,0.5295,52.95
645,0.5295,52.95
644,0.5302,53.02
643,0.5309,53.09
642,0.5313,53.13
641,0.5322,53.22
640,0.5326,53.26
639,0.5333,53.33
638,0.5342,53.42
637,0.5344,53.44
636,0.5350,53.5
635,0.5359,53.59
634,0.5361,53.61
633,0.5368,53.68
632,0.5379,53.79
631,0.5381,53.81
630,0.5387,53.87
629,0.5403,54.03
628,0.5398,53.98
627,0.5411,54.11
626,0.5415,54.15
625,0.5422,54.22
624,0.5425,54.25
623,0.5429,54.29
622,0.5446,54.46
621,0.5449,54.49
620,0.5459,54.59
619,0.5456,54.56
618,0.5465,54.65
617,0.5468,54.68
616,0.5476,54.76
615,0.5483,54.83
614,0.5488,54.88
613,0.5498,54.98
612,0.5496,54.96
611,0.5507,55.07
610,0.5511,55.11
609,0.5519,55.19
608,0.5520,55.2
607,0.5528,55.28
606,0.5531,55.31
605,0.5542,55.42
604,0.5556,55.56
603,0.5557,55.57
602,0.5563,55.63
601,0.5563,55.63
600,0.5574,55.74
599,0.5581,55.81
598,0.5587,55.87
597,0.5595,55.95
596,0.5600,56
595,0.5610,56.1
594,0.5617,56.17
593,0.5618,56.18
592,0.5629,56.29
591,0.5638,56.38
590,0.5646,56.46
589,0.5650,56.5
588,0.5657,56.57
587,0.5661,56.61
586,0.5675,56.75
585,0.5674,56.74
584,0.5688,56.88
583,0.5691,56.91
582,0.5705,57.05
581,0.5710,57.1
580,0.5714,57.14
579,0.5721,57.21
578,0.5731,57.31
577,0.5742,57.42
576,0.5746,57.46
575,0.5748,57.48
574,0.5757,57.57
573,0.5774,57.74
572,0.5775,57.75
571,0.5778,57.78
570,0.5786,57.86
569,0.5796,57.96
568,0.5804,58.04
567,0.5819,58.19
566,0.5818,58.18
565,0.5823,58.23
564,0.5833,58.33
563,0.5835,58.35
562,0.5849,58.49
561,0.5845,58.45
560,0.5850,58.5
559,0.5859,58.59
558,0.5866,58.66
557,0.5870,58.7
556,0.5877,58.77
555,0.5883,58.83
554,0.5892,58.92
553,0.5911,59.11
552,0.5908,59.08
551,0.5912,59.12
550,0.5918,59.18
549,0.5928,59.28
548,0.5931,59.31
547,0.5943,59.43
546,0.5952,59.52
545,0.5949,59.49
544,0.5970,59.7
543,0.5964,59.64
542,0.5967,59.67
541,0.5981,59.81
540,0.5988,59.88
539,0.5992,59.92
538,0.5996,59.96
537,0.6001,60.01
536,0.6006,60.06
535,0.6012,60.12
534,0.6025,60.25
533,0.6035,60.35
532,0.6040,60.4
531,0.6042,60.42
530,0.6049,60.49
529,0.6058,60.58
528,0.6056,60.56
527,0.6076,60.76
526,0.6073,60.73
525,0.6083,60.83
524,0.6091,60.91
523,0.6095,60.95
522,0.6100,61
521,0.6111,61.11
520,0.6118,61.18
519,0.6123,61.23
518,0.6126,61.26
517,0.6124,61.24
516,0.6143,61.43
515,0.6149,61.49
514,0.6156,61.56
513,0.6164,61.64
512,0.6169,61.69
511,0.6176,61.76
510,0.6178,61.78
509,0.6191,61.91
508,0.6193,61.93
507,0.6212,62.12
506,0.6203,62.03
505,0.6215,62.15
504,0.6228,62.28
503,0.6221,62.21
502,0.6226,62.26
501,0.6243,62.43
500,0.6249,62.49
499,0.6252,62.52
498,0.6263,62.63
497,0.6270,62.7
496,0.6278,62.78
495,0.6286,62.86
494,0.6298,62.98
493,0.6294,62.94
492,0.6301,63.01
491,0.6310,63.1
490,0.6314,63.14
489,0.6326,63.26
488,0.6328,63.28
487,0.6335,63.35
486,0.6348,63.48
485,0.6344,63.44
484,0.6359,63.59
483,0.6363,63.63
482,0.6382,63.82
481,0.6378,63.78
480,0.6390,63.9
479,0.6402,64.02
478,0.6390,63.9
477,0.6407,64.07
476,0.6414,64.14
475,0.6428,64.28
474,0.6426,64.26
473,0.6437,64.37
472,0.6440,64.4
471,0.6442,64.42
470,0.6464,64.64
469,0.6473,64.73
468,0.6463,64.63
467,0.6470,64.7
466,0.6482,64.82
465,0.6489,64.89
464,0.6490,64.9
463,0.6509,65.09
462,0.6505,65.05
461,0.6511,65.11
460,0.6527,65.27
459,0.6534,65.34
458,0.6538,65.38
457,0.6554,65.54
456,0.6562,65.62
455,0.6563,65.63
454,0.6566,65.66
453,0.6574,65.74
452,0.6580,65.8
451,0.6587,65.87
450,0.6598,65.98
449,0.6602,66.02
448,0.6622,66.22
447,0.6621,66.21
446,0.6626,66.26
445,0.6633,66.33
444,0.6637,66.37
443,0.6655,66.55
442,0.6650,66.5
441,0.6665,66.65
440,0.6670,66.7
439,0.6678,66.78
438,0.6675,66.75
437,0.6695,66.95
436,0.6698,66.98
435,0.6705,67.05
434,0.6708,67.08
433,0.6727,67.27
432,0.6728,67.28
431,0.6731,67.31
430,0.6744,67.44
429,0.6755,67.55
428,0.6761,67.61
427,0.6766,67.66
426,0.6776,67.76
425,0.6782,67.82
424,0.6771,67.71
423,0.6811,68.11
422,0.6804,68.04
421,0.6821,68.21
420,0.6818,68.18
419,0.6830,68.3
418,0.6830,68.3
417,0.6850,68.5
416,0.6850,68.5
415,0.6874,68.74
414,0.6872,68.72
413,0.6876,68.76
412,0.6884,68.84
411,0.6891,68.91
410,0.6909,69.09
409,0.6922,69.22
408,0.6937,69.37
407,0.6925,69.25
406,0.6942,69.42
405,0.6942,69.42
404,0.6957,69.57
403,0.6975,69.75
402,0.6969,69.69
401,0.6976,69.76
400,0.6991,69.91
399,0.7012,70.12
398,0.7009,70.09
397,0.7019,70.19
396,0.7020,70.2
395,0.7035,70.35
394,0.7037,70.37
393,0.7062,70.62
392,0.7060,70.6
391,0.7083,70.83
390,0.7098,70.98
389,0.7085,70.85
388,0.7110,71.1
387,0.7122,71.22
386,0.7123,71.23
385,0.7123,71.23
384,0.7132,71.32
383,0.7171,71.71
382,0.7205,72.05
381,0.7154,71.54
380,0.7185,71.85
379,0.7225,72.25
378,0.7203,72.03
377,0.7248,72.48
376,0.7240,72.4
375,0.7247,72.47
374,0.7267,72.67
373,0.7262,72.62
372,0.7270,72.7
371,0.7305,73.05
370,0.7296,72.96
369,0.7338,73.38
368,0.7319,73.19
367,0.7330,73.3
366,0.7359,73.59
365,0.7353,73.53
364,0.7365,73.65
363,0.7371,73.71
362,0.7398,73.98
361,0.7391,73.91
360,0.7418,74.18
359,0.7440,74.4
358,0.7449,74.49
357,0.7431,74.31
356,0.7491,74.91
355,0.7461,74.61
354,0.7503,75.03
353,0.7499,74.99
352,0.7528,75.28
351,0.7546,75.46
350,0.7503,75.03
349,0.7512,75.12
348,0.7556,75.56
347,0.7589,75.89
346,0.7583,75.83
345,0.7580,75.8
344,0.7663,76.63
343,0.7610,76.1
342,0.7632,76.32
341,0.7637,76.37
340,0.7650,76.5
339,0.7659,76.59
338,0.7660,76.6
337,0.7653,76.53
336,0.7692,76.92
335,0.7748,77.48
334,0.7698,76.98
333,0.7738,77.38
332,0.7768,77.68
331,0.7826,78.26
330,0.7812,78.12
329,0.7814,78.14
328,0.7823,78.23
327,0.7789,77.89
326,0.7794,77.94
325,0.7868,78.68
324,0.7844,78.44
323,0.7917,79.17
322,0.7878,78.78
321,0.7970,79.7
320,0.7933,79.33
319,0.7917,79.17
318,0.7994,79.94
317,0.7963,79.63
316,0.8005,80.05
315,0.7983,79.83
314,0.8029,80.29
313,0.8069,80.69
312,0.8035,80.35
311,0.8079,80.79
310,0.8090,80.9
309,0.8078,80.78
308,0.8119,81.19
307,0.8153,81.53
306,0.8138,81.38
305,0.8141,81.41
304,0.8151,81.51
303,0.8211,82.11
302,0.8166,81.66
301,0.8195,81.95
300,0.8222,82.22
299,0.8262,82.62
298,0.8255,82.55
297,0.8240,82.4
296,0.8319,83.19
295,0.8319,83.19
294,0.8341,83.41
293,0.8322,83.22
292,0.8349,83.49
291,0.8393,83.93
290,0.8403,84.03
289,0.8469,84.69
288,0.8470,84.7
287,0.8495,84.95
286,0.8506,85.06
285,0.8488,84.88
284,0.8580,85.8
283,0.8538,85.38
282,0.8570,85.7
281,0.8594,85.94
280,0.8592,85.92
279,0.0000,0
110,0.0000,0

