700,0.9303,93.03
699,0.9298,92.98
698,0.9294,92.94
697,0.9309,93.09
696,0.9294,92.94
695,0.9280,92.8
694,0.9283,92.83
693,0.9282,92.82
692,0.9287,92.87
691,0.9265,92.65
690,0.9255,92.55
689,0.9268,92.68
688,0.9260,92.6
687,0.9253,92.53
686,0.9250,92.5
685,0.9250,92.5
684,0.9242,92.42
683,0.9234,92.34
682,0.9234,92.34
681,0.9241,92.41
680,0.9213,92.13
679,0.9226,92.26
678,0.9226,92.26
677,0.9224,92.24
676,0.9204,92.04
675,0.9215,92.15
674,0.9205,92.05
673,0.9204,92.04
672,0.9187,91.87
671,0.9187,91.87
670,0.9188,91.88
669,0.9181,91.81
668,0.9176,91.76
667,0.9175,91.75
666,0.9167,91.67
665,0.9172,91.72
664,0.9170,91.7
663,0.9158,91.58
662,0.9147,91.47
661,0.9151,91.51
660,0.9140,91.4
659,0.9132,91.32
658,0.9122,91.22
657,0.9127,91.27
656,0.9116,91.16
655,0.9115,91.15
654,0.9114,91.14
653,0.9107,91.07
652,0.9099,90.99
651,0.9086,90.86
650,0.9086,90.86
649,0.9068,90.68
648,0.9069,90.69
647,0.9054,90.54
646,0.9057,90.57
645,0.9044,90.44
644,0.9039,90.39
643,0.9030,90.3
642,0.9023,90.23
641,0.9010,90.1
640,0.9009,90.09
639,0.8997,89.97
638,0.8992,89.92
637,0.8978,89.78
636,0.8974,89.74
635,0.8970,89.7
634,0.8961,89.61
633,0.8946,89.46
632,0.8935,89.35
631,0.8928,89.28
630,0.8916,89.16
629,0.8904,89.04
628,0.8890,88.9
627,0.8885,88.85
626,0.8872,88.72
625,0.8859,88.59
624,0.8842,88.42
623,0.8826,88.26
622,0.8810,88.1
621,0.8805,88.05
620,0.8789,87.89
619,0.8777,87.77
618,0.8756,87.56
617,0.8733,87.33
616,0.8725,87.25
615,0.8709,87.09
614,0.8686,86.86
613,0.8671,86.71
612,0.8644,86.44
611,0.8625,86.25
610,0.8606,86.06
609,0.8576,85.76
608,0.8556,85.56
607,0.8534,85.34
606,0.8514,85.14
605,0.8469,84.69
604,0.8445,84.45
603,0.8416,84.16
602,0.8376,83.76
601,0.8340,83.4
600,0.8308,83.08
599,0.8270,82.7
598,0.8228,82.28
597,0.8183,81.83
596,0.8140,81.4
595,0.8097,80.97
594,0.8036,80.36
593,0.7985,79.85
592,0.7936,79.36
591,0.7876,78.76
590,0.7805,78.05
589,0.7754,77.54
588,0.7683,76.83
587,0.7621,76.21
586,0.7556,75.56
585,0.7484,74.84
584,0.7408,74.08
583,0.7332,73.32
582,0.7255,72.55
581,0.7164,71.64
580,0.7090,70.9
579,0.7010,70.1
578,0.6936,69.36
577,0.6844,68.44
576,0.6763,67.63
575,0.6682,66.82
574,0.6599,65.99
573,0.6512,65.12
572,0.6423,64.23
571,0.6346,63.46
570,0.6266,62.66
569,0.6196,61.96
568,0.6113,61.13
567,0.6039,60.39
566,0.5961,59.61
565,0.5895,58.95
564,0.5837,58.37
563,0.5767,57.67
562,0.5725,57.25
561,0.5660,56.6
560,0.5604,56.04
559,0.5543,55.43
558,0.5495,54.95
557,0.5460,54.6
556,0.5415,54.15
555,0.5381,53.81
554,0.5342,53.42
553,0.5308,53.08
552,0.5276,52.76
551,0.5246,52.46
550,0.5222,52.22
549,0.5195,51.95
548,0.5174,51.74
547,0.5154,51.54
546,0.5138,51.38
545,0.5118,51.18
544,0.5094,50.94
543,0.5082,50.82
542,0.5066,50.66
541,0.5056,50.56
540,0.5046,50.46
539,0.5029,50.29
538,0.5022,50.22
537,0.5014,50.14
536,0.5000,50
535,0.5000,50
534,0.4980,49.8
533,0.4972,49.72
532,0.4968,49.68
531,0.4962,49.62
530,0.4954,49.54
529,0.4942,49.42
528,0.4943,49.43
527,0.4937,49.37
526,0.4929,49.29
525,0.4925,49.25
524,0.4913,49.13
523,0.4919,49.19
522,0.4908,49.08
521,0.4907,49.07
520,0.4898,48.98
519,0.4898,48.98
518,0.4890,48.9
517,0.4885,48.85
516,0.4882,48.82
515,0.4876,48.76
514,0.4868,48.68
513,0.4863,48.63
512,0.4863,48.63
511,0.4856,48.56
510,0.4858,48.58
509,0.4852,48.52
508,0.4846,48.46
507,0.4838,48.38
506,0.4846,48.46
505,0.4844,48.44
504,0.4837,48.37
503,0.4836,48.36
502,0.4814,48.14
501,0.4818,48.18
500,0.4817,48.17
499,0.4814,48.14
498,0.4807,48.07
497,0.4804,48.04
496,0.4800,48
495,0.4792,47.92
494,0.4790,47.9
493,0.4784,47.84
492,0.4777,47.77
491,0.4770,47.7
490,0.4762,47.62
489,0.4760,47.6
488,0.4758,47.58
487,0.4753,47.53
486,0.4744,47.44
485,0.4738,47.38
484,0.4731,47.31
483,0.4720,47.2
482,0.4715,47.15
481,0.4710,47.1
480,0.4706,47.06
479,0.4704,47.04
478,0.4693,46.93
477,0.4687,46.87
476,0.4680,46.8
475,0.4667,46.67
474,0.4669,46.69
473,0.4657,46.57
472,0.4656,46.56
471,0.4642,46.42
470,0.4639,46.39
469,0.4620,46.2
468,0.4616,46.16
467,0.4611,46.11
466,0.4605,46.05
465,0.4592,45.92
464,0.4583,45.83
463,0.4576,45.76
462,0.4567,45.67
461,0.4560,45.6
460,0.4551,45.51
459,0.4544,45.44
458,0.4525,45.25
457,0.4521,45.21
456,0.4509,45.09
455,0.4504,45.04
454,0.4493,44.93
453,0.4480,44.8
452,0.4464,44.64
451,0.4467,44.67
450,0.4448,44.48
449,0.4442,44.42
448,0.4430,44.3
447,0.4421,44.21
446,0.4398,43.98
445,0.4393,43.93
444,0.4385,43.85
443,0.4372,43.72
442,0.4359,43.59
441,0.4348,43.48
440,0.4336,43.36
439,0.4330,43.3
438,0.4317,43.17
437,0.4307,43.07
436,0.4291,42.91
435,0.4282,42.82
434,0.4268,42.68
433,0.4255,42.55
432,0.4247,42.47
431,0.4226,42.26
430,0.4222,42.22
429,0.4211,42.11
428,0.4192,41.92
427,0.4178,41.78
426,0.4177,41.77
425,0.4159,41.59
424,0.4135,41.35
423,0.4128,41.28
422,0.4121,41.21
421,0.4095,40.95
420,0.4096,40.96
419,0.4079,40.79
418,0.4065,40.65
417,0.4042,40.42
416,0.4034,40.34
415,0.4019,40.19
414,0.4005,40.05
413,0.3995,39.95
412,0.3984,39.84
411,0.3967,39.67
410,0.3954,39.54
409,0.3932,39.32
408,0.3929,39.29
407,0.3908,39.08
406,0.3907,39.07
405,0.3894,38.94
404,0.3877,38.77
403,0.3871,38.71
402,0.3855,38.55
401,0.3839,38.39
400,0.3821,38.21
399,0.3805,38.05
398,0.3802,38.02
397,0.3786,37.86
396,0.3777,37.77
395,0.3763,37.63
394,0.3752,37.52
393,0.3744,37.44
392,0.3726,37.26
391,0.3712,37.12
390,0.3704,37.04
389,0.3683,36.83
388,0.3655,36.55
387,0.3667,36.67
386,0.3642,36.42
385,0.3637,36.37
384,0.3629,36.29
383,0.3613,36.13
382,0.3593,35.93
381,0.3602,36.02
380,0.3590,35.9
379,0.3569,35.69
378,0.3562,35.62
377,0.3550,35.5
376,0.3523,35.23
375,0.3520,35.2
374,0.3504,35.04
373,0.3483,34.83
372,0.3473,34.73
371,0.3468,34.68
370,0.3442,34.42
369,0.3448,34.48
368,0.3429,34.29
367,0.3422,34.22
366,0.3407,34.07
365,0.3386,33.86
364,0.3383,33.83
363,0.3359,33.59
362,0.3343,33.43
361,0.3337,33.37
360,0.3324,33.24
359,0.3314,33.14
358,0.3307,33.07
357,0.3290,32.9
356,0.3271,32.71
355,0.3267,32.67
354,0.3258,32.58
353,0.3244,32.44
352,0.3240,32.4
351,0.3219,32.19
350,0.3212,32.12
349,0.3203,32.03
348,0.3212,32.12
347,0.3193,31.93
346,0.3200,32
345,0.3198,31.98
344,0.3162,31.62
343,0.3120,31.2
342,0.3102,31.02
341,0.3114,31.14
340,0.3147,31.47
339,0.3100,31
338,0.3076,30.76
337,0.3077,30.77
336,0.3067,30.67
335,0.3063,30.63
334,0.3072,30.72
333,0.3059,30.59
332,0.3035,30.35
331,0.3044,30.44
330,0.3020,30.2
329,0.3051,30.51
328,0.2999,29.99
327,0.2980,29.8
326,0.2996,29.96
325,0.2971,29.71
324,0.2963,29.63
323,0.2958,29.58
322,0.2954,29.54
321,0.2968,29.68
320,0.2944,29.44
319,0.2925,29.25
318,0.2916,29.16
317,0.2906,29.06
316,0.2878,28.78
315,0.2877,28.77
314,0.2875,28.75
313,0.2887,28.87
312,0.2863,28.63
311,0.2863,28.63
310,0.2829,28.29
309,0.2829,28.29
308,0.2815,28.15
307,0.2812,28.12
306,0.2785,27.85
305,0.2771,27.71
304,0.2744,27.44
303,0.2744,27.44
302,0.2723,27.23
301,0.2721,27.21
300,0.2679,26.79
299,0.2671,26.71
298,0.2663,26.63
297,0.2634,26.34
296,0.2624,26.24
295,0.2643,26.43
294,0.2628,26.28
293,0.2599,25.99
292,0.2596,25.96
291,0.2608,26.08
290,0.2598,25.98
289,0.2602,26.02
288,0.2611,26.11
287,0.2641,26.41
286,0.2637,26.37
285,0.2639,26.39
284,0.2649,26.49
283,0.2681,26.81
282,0.2688,26.88
281,0.2687,26.87
280,0.2698,26.98
180,0.3000,30
150,0.2000,20
110,0.1000,10

