700,0.3537,35.37
699,0.3551,35.51
698,0.3546,35.46
697,0.3552,35.52
696,0.3558,35.58
695,0.3559,35.59
694,0.3565,35.65
693,0.3575,35.75
692,0.3567,35.67
691,0.3573,35.73
690,0.3576,35.76
689,0.3576,35.76
688,0.3585,35.85
687,0.3585,35.85
686,0.3588,35.88
685,0.3592,35.92
684,0.3601,36.01
683,0.3603,36.03
682,0.3606,36.06
681,0.3606,36.06
680,0.3612,36.12
679,0.3615,36.15
678,0.3615,36.15
677,0.3621,36.21
676,0.3628,36.28
675,0.3628,36.28
674,0.3639,36.39
673,0.3636,36.36
672,0.3642,36.42
671,0.3645,36.45
670,0.3648,36.48
669,0.3654,36.54
668,0.3651,36.51
667,0.3667,36.67
666,0.3671,36.71
665,0.3665,36.65
664,0.3678,36.78
663,0.3685,36.85
662,0.3683,36.83
661,0.3692,36.92
660,0.3698,36.98
659,0.3698,36.98
658,0.3701,37.01
657,0.3705,37.05
656,0.3714,37.14
655,0.3715,37.15
654,0.3722,37.22
653,0.3724,37.24
652,0.3732,37.32
651,0.3739,37.39
650,0.3741,37.41
649,0.3743,37.43
648,0.3752,37.52
647,0.3758,37.58
646,0.3763,37.63
645,0.3766,37.66
644,0.3772,37.72
643,0.3781,37.81
642,0.3786,37.86
641,0.3788,37.88
640,0.3793,37.93
639,0.3795,37.95
638,0.3809,38.09
637,0.3812,38.12
636,0.3817,38.17
635,0.3822,38.22
634,0.3827,38.27
633,0.3832,38.32
632,0.3841,38.41
631,0.3847,38.47
630,0.3855,38.55
629,0.3861,38.61
628,0.3869,38.69
627,0.3876,38.76
626,0.3879,38.79
625,0.3886,38.86
624,0.3894,38.94
623,0.3903,39.03
622,0.3908,39.08
621,0.3916,39.16
620,0.3919,39.19
619,0.3933,39.33
618,0.3940,39.4
617,0.3948,39.48
616,0.3957,39.57
615,0.3964,39.64
614,0.3967,39.67
613,0.3975,39.75
612,0.3982,39.82
611,0.3993,39.93
610,0.3997,39.97
609,0.4008,40.08
608,0.4017,40.17
607,0.4026,40.26
606,0.4033,40.33
605,0.4044,40.44
604,0.4048,40.48
603,0.4053,40.53
602,0.4058,40.58
601,0.4076,40.76
600,0.4081,40.81
599,0.4084,40.84
598,0.4089,40.89
597,0.4098,40.98
596,0.4103,41.03
595,0.4108,41.08
594,0.4113,41.13
593,0.4119,41.19
592,0.4124,41.24
591,0.4129,41.29
590,0.4136,41.36
589,0.4130,41.3
588,0.4132,41.32
587,0.4135,41.35
586,0.4134,41.34
585,0.4133,41.33
584,0.4134,41.34
583,0.4127,41.27
582,0.4126,41.26
581,0.4118,41.18
580,0.4115,41.15
579,0.4114,41.14
578,0.4105,41.05
577,0.4101,41.01
576,0.4094,40.94
575,0.4085,40.85
574,0.4083,40.83
573,0.4075,40.75
572,0.4070,40.7
571,0.4062,40.62
570,0.4062,40.62
569,0.4054,40.54
568,0.4052,40.52
567,0.4039,40.39
566,0.4042,40.42
565,0.4044,40.44
564,0.4037,40.37
563,0.4045,40.45
562,0.4033,40.33
561,0.4031,40.31
560,0.4031,40.31
559,0.4030,40.3
558,0.4027,40.27
557,0.4028,40.28
556,0.4028,40.28
555,0.4026,40.26
554,0.4034,40.34
553,0.4029,40.29
552,0.4030,40.3
551,0.4035,40.35
550,0.4035,40.35
549,0.4034,40.34
548,0.4037,40.37
547,0.4033,40.33
546,0.4037,40.37
545,0.4043,40.43
544,0.4044,40.44
543,0.4039,40.39
542,0.4047,40.47
541,0.4049,40.49
540,0.4052,40.52
539,0.4046,40.46
538,0.4051,40.51
537,0.4050,40.5
536,0.4042,40.42
535,0.4043,40.43
534,0.4035,40.35
533,0.4037,40.37
532,0.4034,40.34
531,0.4022,40.22
530,0.4020,40.2
529,0.4020,40.2
528,0.4005,40.05
527,0.4002,40.02
526,0.3998,39.98
525,0.3991,39.91
524,0.3985,39.85
523,0.3981,39.81
522,0.3969,39.69
521,0.3964,39.64
520,0.3955,39.55
519,0.3951,39.51
518,0.3945,39.45
517,0.3931,39.31
516,0.3930,39.3
515,0.3923,39.23
514,0.3909,39.09
513,0.3911,39.11
512,0.3899,38.99
511,0.3891,38.91
510,0.3883,38.83
509,0.3873,38.73
508,0.3871,38.71
507,0.3862,38.62
506,0.3857,38.57
505,0.3848,38.48
504,0.3849,38.49
503,0.3839,38.39
502,0.3823,38.23
501,0.3829,38.29
500,0.3813,38.13
499,0.3809,38.09
498,0.3807,38.07
497,0.3800,38
496,0.3793,37.93
495,0.3784,37.84
494,0.3781,37.81
493,0.3770,37.7
492,0.3771,37.71
491,0.3762,37.62
490,0.3756,37.56
489,0.3755,37.55
488,0.3743,37.43
487,0.3736,37.36
486,0.3734,37.34
485,0.3727,37.27
484,0.3720,37.2
483,0.3717,37.17
482,0.3717,37.17
481,0.3706,37.06
480,0.3707,37.07
479,0.3694,36.94
478,0.3690,36.9
477,0.3686,36.86
476,0.3678,36.78
475,0.3674,36.74
474,0.3672,36.72
473,0.3664,36.64
472,0.3661,36.61
471,0.3647,36.47
470,0.3651,36.51
469,0.3644,36.44
468,0.3646,36.46
467,0.3630,36.3
466,0.3635,36.35
465,0.3624,36.24
464,0.3618,36.18
463,0.3616,36.16
462,0.3613,36.13
461,0.3608,36.08
460,0.3606,36.06
459,0.3606,36.06
458,0.3595,35.95
457,0.3588,35.88
456,0.3589,35.89
455,0.3580,35.8
454,0.3581,35.81
453,0.3577,35.77
452,0.3577,35.77
451,0.3574,35.74
450,0.3563,35.63
449,0.3562,35.62
448,0.3563,35.63
447,0.3556,35.56
446,0.3557,35.57
445,0.3550,35.5
444,0.3538,35.38
443,0.3534,35.34
442,0.3532,35.32
441,0.3521,35.21
440,0.3520,35.2
439,0.3518,35.18
438,0.3517,35.17
437,0.3523,35.23
436,0.3527,35.27
435,0.3523,35.23
434,0.3525,35.25
433,0.3520,35.2
432,0.3511,35.11
431,0.3502,35.02
430,0.3507,35.07
429,0.3510,35.1
428,0.3520,35.2
427,0.3504,35.04
426,0.3506,35.06
425,0.3509,35.09
424,0.3499,34.99
423,0.3507,35.07
422,0.3502,35.02
421,0.3503,35.03
420,0.3505,35.05
419,0.3522,35.22
418,0.3514,35.14
417,0.3507,35.07
416,0.3512,35.12
415,0.3523,35.23
414,0.3524,35.24
413,0.3525,35.25
412,0.3530,35.3
411,0.3534,35.34
410,0.3527,35.27
409,0.3548,35.48
408,0.3561,35.61
407,0.3559,35.59
406,0.3564,35.64
405,0.3563,35.63
404,0.3587,35.87
403,0.3575,35.75
402,0.3578,35.78
401,0.3596,35.96
400,0.3599,35.99
399,0.3612,36.12
398,0.3624,36.24
397,0.3609,36.09
396,0.3642,36.42
395,0.3636,36.36
394,0.3637,36.37
393,0.3662,36.62
392,0.3650,36.5
391,0.3669,36.69
390,0.3678,36.78
389,0.3695,36.95
388,0.3704,37.04
387,0.3690,36.9
386,0.3709,37.09
385,0.3689,36.89
384,0.3709,37.09
383,0.3734,37.34
382,0.3728,37.28
381,0.3734,37.34
380,0.3749,37.49
379,0.3752,37.52
378,0.3755,37.55
377,0.3760,37.6
376,0.3764,37.64
375,0.3783,37.83
374,0.3777,37.77
373,0.3779,37.79
372,0.3792,37.92
371,0.3806,38.06
370,0.3793,37.93
369,0.3810,38.1
368,0.3804,38.04
367,0.3821,38.21
366,0.3828,38.28
365,0.3822,38.22
364,0.3835,38.35
363,0.3845,38.45
362,0.3847,38.47
361,0.3824,38.24
360,0.3849,38.49
359,0.3848,38.48
358,0.3859,38.59
357,0.3872,38.72
356,0.3861,38.61
355,0.3863,38.63
354,0.3885,38.85
353,0.3887,38.87
352,0.3872,38.72
351,0.3890,38.9
350,0.3891,38.91
349,0.3887,38.87
348,0.3902,39.02
347,0.3893,38.93
346,0.3921,39.21
345,0.3927,39.27
344,0.3914,39.14
343,0.3953,39.53
342,0.3981,39.81
341,0.3924,39.24
340,0.3961,39.61
339,0.4000,40
338,0.3943,39.43
337,0.3976,39.76
336,0.4018,40.18
335,0.3997,39.97
334,0.4008,40.08
333,0.4012,40.12
332,0.4042,40.42
331,0.4041,40.41
330,0.4018,40.18
329,0.4078,40.78
328,0.4062,40.62
327,0.4086,40.86
326,0.4088,40.88
325,0.4107,41.07
324,0.4119,41.19
323,0.4141,41.41
322,0.4128,41.28
321,0.4167,41.67
320,0.4175,41.75
319,0.4226,42.26
318,0.4236,42.36
317,0.4262,42.62
316,0.4239,42.39
315,0.4261,42.61
314,0.4290,42.9
313,0.4295,42.95
312,0.4344,43.44
311,0.4372,43.72
310,0.4387,43.87
309,0.4419,44.19
308,0.4441,44.41
307,0.4477,44.77
306,0.4507,45.07
305,0.4530,45.3
304,0.4556,45.56
303,0.4586,45.86
302,0.4615,46.15
301,0.4653,46.53
300,0.4688,46.88
299,0.4743,47.43
298,0.4763,47.63
297,0.4831,48.31
296,0.4870,48.7
295,0.4928,49.28
294,0.4973,49.73
293,0.5040,50.4
292,0.5110,51.1
291,0.5170,51.7
290,0.5239,52.39
289,0.5341,53.41
288,0.5420,54.2
287,0.5498,54.98
286,0.5575,55.75
285,0.5647,56.47
284,0.5694,56.94
283,0.5740,57.4
282,0.5822,58.22
281,0.5842,58.42
280,0.5869,58.69
279,0.6500,65
110,0.6500,65

