172.0000  0.57
253.5939  0.333
253.5948  0.3336
253.5957  0.3343
255.0166  0.335
255.0175  0.3356
256.4384  0.3363
256.4392  0.337
256.4401  0.3377
256.4409  0.3383
257.8618  0.339
257.8627  0.3397
257.8636  0.3404
259.2845  0.3411
259.2854  0.3417
260.7063  0.3424
260.7071  0.3431
260.7080  0.3437
262.1289  0.3445
262.1298  0.3452
263.5507  0.3458
263.5516  0.3466
263.5524  0.3472
263.5533  0.3479
264.9742  0.3486
264.9750  0.3493
264.9759  0.35
266.3968  0.3507
266.3977  0.3514
266.3985  0.3521
267.8195  0.3529
267.8203  0.3536
267.8211  0.3543
269.2421  0.355
269.2429  0.3557
269.2438  0.3564
270.6646  0.3571
270.6656  0.3578
272.0865  0.3585
272.0874  0.3593
272.0882  0.3599
273.5091  0.3607
273.51  0.3614
273.5108  0.362
274.9318  0.3629
274.9325  0.3636
274.9335  0.3643
276.3544  0.3651
276.3553  0.3658
276.3561  0.3665
277.7771  0.3673
277.7779  0.3679
277.7787  0.3687
279.1997  0.3695
279.2005  0.3702
279.2014  0.3709
280.6223  0.3717
280.6232  0.3724
282.0441  0.3732
282.045  0.3739
282.0458  0.3747
283.4668  0.3754
283.4676  0.3761
283.4684  0.3769
284.8894  0.3777
284.8902  0.3784
286.3112  0.3792
286.312  0.38
286.3129  0.3807
287.7338  0.3815
287.7347  0.3822
289.1556  0.383
289.1564  0.3838
289.1573  0.3845
290.5782  0.3853
290.5791  0.386
290.5798  0.3869
292.0009  0.3876
292.0017  0.3884
292.0026  0.3892
293.4235  0.39
293.4243  0.3907
294.8453  0.3915
294.846  0.3923
294.847  0.3931
296.2679  0.3939
296.2688  0.3947
297.6897  0.3955
297.6905  0.3963
297.6914  0.3971
299.1124  0.3978
299.1132  0.3986
300.5342  0.3994
300.535  0.4002
300.5358  0.401
301.9567  0.4018
301.9576  0.4026
301.9585  0.4035
303.3794  0.4043
304.8004  0.4051
304.8012  0.4059
304.8021  0.4067
304.8029  0.4075
306.2238  0.4083
306.2247  0.4091
306.2255  0.41
307.6465  0.4108
307.6473  0.4116
307.6482  0.4123
309.0691  0.4133
309.07  0.4141
310.4909  0.4149
310.4917  0.4157
311.9127  0.4166
311.9135  0.4174
311.9144  0.4182
313.3353  0.4191
313.3362  0.4199
314.757  0.4208
314.758  0.4216
316.1789  0.4224
316.1798  0.4233
316.1806  0.4241
317.6016  0.425
317.6024  0.4258
319.0225  0.4258
320.4435  0.4267
320.4443  0.4275
320.4451  0.4284
320.446  0.4293
321.8669  0.4301
321.8678  0.431
323.2887  0.4318
323.2896  0.4327
324.7105  0.4336
324.7114  0.4344
326.1323  0.4353
326.1331  0.4362
327.5541  0.437
328.975  0.4379
328.9759  0.4388
328.9767  0.4397
330.3977  0.4405
330.3985  0.4414
330.3994  0.4423
331.8203  0.4432
333.2413  0.4441
333.2421  0.445
334.6631  0.4459
334.6639  0.4468
336.0849  0.4476
336.0857  0.4485
337.5067  0.4494
337.5074  0.4503
338.9284  0.4512
338.9293  0.4521
340.3502  0.453
340.3511  0.454
341.772  0.4549
341.7729  0.4558
343.1938  0.4567
343.1947  0.4576
344.6156  0.4585
344.6165  0.4594
346.0374  0.4603
347.4584  0.4613
347.4592  0.4622
348.8801  0.4631
348.881  0.464
350.3019  0.465
350.3028  0.4659
351.7237  0.4668
351.7246  0.4678
353.1455  0.4687
353.1464  0.4696
354.5673  0.4706
355.9883  0.4715
355.9891  0.4725
357.4101  0.4734
358.831  0.4743
358.8319  0.4753
360.2528  0.4762
360.2537  0.4772
361.6745  0.4782
361.6755  0.4791
363.0964  0.4801
363.0972  0.4809
364.5182  0.482
365.9392  0.483
365.94  0.4839
367.3609  0.4849
368.7819  0.4859
370.2028  0.4868
370.2037  0.4878
371.6246  0.4888
371.6255  0.4898
373.0464  0.4907
373.0473  0.4917
374.4682  0.4927
375.8892  0.4937
375.89  0.4947
377.311  0.4957
378.7319  0.4966
378.7328  0.4976
378.7336  0.4986
380.1546  0.4996
381.5747  0.4996
382.9956  0.5006
384.4166  0.5016
384.4174  0.5026
384.4183  0.5036
385.8392  0.5046
385.8401  0.5056
387.261  0.5067
388.682  0.5077
390.1029  0.5087
391.5239  0.5097
391.5247  0.5107
392.9457  0.5117
394.3666  0.5128
395.7875  0.5138
397.2085  0.5148
397.2094  0.5158
398.6303  0.5169
400.0513  0.5179
400.0521  0.5189
401.4722  0.5189
402.8932  0.52
402.894  0.521
404.3141  0.521
405.7351  0.522
405.7359  0.5231
407.1569  0.5241
408.5777  0.5252
409.9988  0.5262
411.4197  0.5272
411.4205  0.5283
412.8415  0.5293
414.2625  0.5304
415.6834  0.5314
417.1044  0.5325
418.5253  0.5335
419.9463  0.5347
421.3664  0.5347
421.3672  0.5356
422.7882  0.5368
424.2091  0.5379
425.6301  0.5389
427.051  0.54
428.4712  0.54
429.8921  0.5411
431.3122  0.5411
431.3131  0.5422
431.3139  0.5433
432.734  0.5432
432.7349  0.5443
434.155  0.5443
435.5758  0.5453
436.9969  0.5465
438.4178  0.5476
439.8388  0.5487
441.2597  0.5497
442.6806  0.5509
444.1008  0.5509
445.5217  0.552
446.9426  0.5531
448.3636  0.5542
448.3645  0.5553
449.7846  0.5553
451.2046  0.5553
451.2056  0.5564
452.6265  0.5575
454.0475  0.5586
455.4676  0.5586
456.8885  0.5596
458.3094  0.5608
459.7296  0.5608
461.1505  0.5619
462.5715  0.563
463.9916  0.563
465.4126  0.5642
466.8327  0.5642
468.2536  0.5653
469.6745  0.5664
471.0947  0.5664
472.5148  0.5664
473.9358  0.5675
475.3567  0.5686
476.7768  0.5686
478.1978  0.5697
479.6179  0.5697
481.0388  0.5709
482.4598  0.572
483.8807  0.5732
485.3009  0.5732
486.7218  0.5743
488.1419  0.5743
488.1428  0.5755
489.5636  0.5766
490.9847  0.5777
492.4048  0.5777
493.8256  0.5789
495.2458  0.5789
496.666  0.5789
498.0869  0.58
499.507  0.58
500.928  0.5812
502.3481  0.5812
503.769  0.5823
505.19  0.5835
506.6101  0.5835
508.0302  0.5835
509.4503  0.5835
510.8713  0.5846
512.2913  0.5846
513.7123  0.5857
515.1325  0.5857
516.5534  0.5869
517.9735  0.5869
519.3945  0.588
520.8146  0.588
522.2347  0.588
523.6557  0.5893
525.0758  0.5893
526.4959  0.5892
527.9167  0.5904
529.3378  0.5916
530.7579  0.5916
532.178  0.5916
533.599  0.5928
535.0191  0.5928
536.44  0.5939
537.8601  0.5939
539.2811  0.5951
540.7012  0.5951
542.1213  0.5951
543.5423  0.5963
544.9624  0.5963
546.3833  0.5975
547.8034  0.5975
549.2236  0.5974
550.6444  0.5986
552.0646  0.5986
553.4856  0.5998
554.9057  0.5998
556.3266  0.601
557.7468  0.601
559.1669  0.601
560.5878  0.6021
562.0079  0.6021
563.4289  0.6034
564.849  0.6034
566.2691  0.6034
567.6892  0.6034
569.1102  0.6046
570.5303  0.6045
571.9512  0.6058
573.3714  0.6057
574.7915  0.6057
576.2124  0.6069
577.6324  0.6069
579.0535  0.608
580.4736  0.608
581.8944  0.6093
583.3147  0.6093
584.7348  0.6093
586.1549  0.6093
587.575  0.6093
588.9959  0.6105
590.4161  0.6105
591.837  0.6117
593.257  0.6117
594.6772  0.6117
596.0974  0.6117
597.5183  0.6129
598.9384  0.6129
600.3594  0.6141
601.7795  0.6141
603.1996  0.6141
604.6205  0.6153
606.0407  0.6153
607.4616  0.6166
608.8817  0.6166
610.3018  0.6165
611.7227  0.6178
613.1429  0.6178
614.563  0.6178
615.984  0.619
617.4041  0.619
618.825  0.6202
620.2451  0.6202
621.6653  0.6202
623.0854  0.6202
624.5063  0.6214
625.9264  0.6214
627.3465  0.6214
628.7675  0.6226
630.1876  0.6226
631.6077  0.6226
633.0287  0.6239
634.4487  0.6239
635.8689  0.6238
637.2899  0.6251
638.71  0.6251
640.1301  0.6251
641.551  0.6263
642.971  0.6263
644.3913  0.6263
645.8114  0.6263
647.2323  0.6275
648.6524  0.6275
650.0725  0.6275
651.4935  0.6288
652.9136  0.6288
654.3336  0.6288
655.7547  0.63
657.1748  0.63
658.5949  0.63
660.015  0.63
661.4351  0.63
662.8561  0.6312
